7.103528976440429688e-01
9.833477139472961426e-01
1.866632252931594849e-01
8.297911882400512695e-01
8.982765078544616699e-01
9.151968359947204590e-01
1.044913887977600098e+00
8.686090111732482910e-01
8.561456799507141113e-01
1.008142828941345215e+00
8.183203935623168945e-01
9.443440437316894531e-01
8.556236028671264648e-01
8.538467288017272949e-01
1.018831849098205566e+00
8.796270489692687988e-01
8.869355320930480957e-01
6.813859939575195312e-01
9.529675245285034180e-01
8.660191893577575684e-01
9.175528883934020996e-01
1.077120304107666016e+00
6.363138556480407715e-01
9.368289113044738770e-01
1.089298248291015625e+00
1.014790177345275879e+00
9.818923473358154297e-01
9.058542251586914062e-01
1.172235727310180664e+00
9.532556533813476562e-01
9.727922081947326660e-01
5.661028027534484863e-01
3.793133497238159180e-01
9.775162935256958008e-01
1.020660042762756348e+00
1.105692863464355469e+00
9.264538884162902832e-01
8.439121246337890625e-01
1.015595912933349609e+00
8.248071670532226562e-01
8.995509743690490723e-01
9.227085113525390625e-01
7.402755022048950195e-01
8.011592030525207520e-01
8.476662039756774902e-01
8.457418680191040039e-01
9.660507440567016602e-01
6.571671366691589355e-01
8.118957281112670898e-01
8.632838726043701172e-01
8.909553885459899902e-01
9.454248547554016113e-01
1.146777153015136719e+00
7.206779122352600098e-01
1.098518133163452148e+00
8.817247152328491211e-01
8.098263144493103027e-01
9.501737356185913086e-01
7.789557576179504395e-01
1.061654686927795410e+00
1.004557728767395020e+00
8.663478493690490723e-01
8.467720150947570801e-01
1.022080540657043457e+00
9.372122287750244141e-01
1.016237139701843262e+00
1.005536913871765137e+00
9.081710577011108398e-01
1.018610835075378418e+00
9.839953780174255371e-01
1.054219365119934082e+00
8.691887855529785156e-01
1.212226033210754395e+00
4.576072096824645996e-01
9.688702821731567383e-01
8.490557670593261719e-01
1.006250619888305664e+00
1.024473190307617188e+00
1.034706950187683105e+00
6.832119822502136230e-01
8.313635587692260742e-01
8.760679364204406738e-01
9.560400247573852539e-01
1.113882541656494141e+00
7.866163253784179688e-01
9.176135063171386719e-01
1.051865458488464355e+00
8.566864132881164551e-01
9.088032245635986328e-01
1.056289315223693848e+00
9.036309719085693359e-01
9.414272308349609375e-01
8.592593669891357422e-01
1.050607919692993164e+00
1.090999722480773926e+00
9.160839319229125977e-01
8.874889612197875977e-01
1.186693668365478516e+00
8.435271978378295898e-01
9.775409102439880371e-01
8.144987225532531738e-01
7.513471841812133789e-01
1.028555274009704590e+00
8.916386961936950684e-01
7.833839058876037598e-01
1.074404835700988770e+00
8.749755024909973145e-01
9.235048294067382812e-01
9.047217369079589844e-01
9.978154897689819336e-01
9.688736796379089355e-01
8.165341615676879883e-01
1.028717756271362305e+00
8.384538888931274414e-01
9.128912687301635742e-01
1.038923382759094238e+00
1.025447487831115723e+00
8.413540124893188477e-01
9.653912782669067383e-01
6.377567052841186523e-01
7.906953692436218262e-01
1.137867093086242676e+00
9.344594478607177734e-01
9.178995490074157715e-01
1.249935150146484375e+00
8.542203903198242188e-01
9.859594702720642090e-01
8.416793346405029297e-01
