-1.422882080078125000e+00
7.512570619583129883e-01
-1.560638785362243652e+00
-6.493057012557983398e-01
8.959414362907409668e-01
-3.281489610671997070e-01
2.017709016799926758e-01
1.184518560767173767e-01
-1.726022124290466309e+00
-8.306536078453063965e-02
-5.104316473007202148e-01
5.930247306823730469e-01
5.479997396469116211e-01
-3.302138447761535645e-01
1.008523225784301758e+00
-2.465587258338928223e-01
-9.686250239610671997e-02
5.761674046516418457e-01
2.955593466758728027e-01
1.110286831855773926e+00
-4.823727905750274658e-01
-1.075770974159240723e+00
2.370621263980865479e-01
1.336714386940002441e+00
4.533816277980804443e-01
-4.832741320133209229e-01
-3.653526008129119873e-01
-1.015999615192413330e-01
4.282796084880828857e-01
9.396077692508697510e-02
-1.131348013877868652e+00
-7.033737897872924805e-01
-1.623056530952453613e+00
1.642637997865676880e-01
-6.316992640495300293e-01
3.377803266048431396e-01
6.677882075309753418e-01
-4.636094272136688232e-01
-3.047529160976409912e-01
-5.765338540077209473e-01
1.506744980812072754e+00
9.835743904113769531e-02
2.297108769416809082e-01
-2.066914737224578857e-01
-1.358211934566497803e-01
1.556928735226392746e-03
3.066383302211761475e-01
6.783685684204101562e-01
2.229501605033874512e-01
3.086520135402679443e-01
-1.679535508155822754e-01
-1.467403024435043335e-01
8.805366754531860352e-01
-4.179574549198150635e-01
5.246342420578002930e-01
-1.186795625835657120e-02
5.011172890663146973e-01
1.904821544885635376e-01
3.698823451995849609e-01
5.986799597740173340e-01
1.621943712234497070e-01
-9.001700580120086670e-02
-6.777235865592956543e-01
-9.711110964417457581e-03
3.251716792583465576e-01
-4.772237688302993774e-02
8.650006055831909180e-01
5.382577776908874512e-01
-5.337443202733993530e-02
6.562972068786621094e-01
3.739655017852783203e-01
-3.789223358035087585e-02
4.121438264846801758e-01
-5.331356048583984375e+00
-3.956858813762664795e-01
-8.885509967803955078e-01
6.713446378707885742e-01
2.219889163970947266e-01
1.571162223815917969e+00
-5.202743411064147949e-02
-9.342597913928329945e-04
-9.789116978645324707e-01
1.540139913558959961e-01
9.589934349060058594e-01
1.808702230453491211e+00
-9.222193360328674316e-01
-7.105138301849365234e-01
1.632751584053039551e+00
9.362065792083740234e-02
-8.029673695564270020e-01
1.330679655075073242e+00
-3.177874535322189331e-02
-6.946215629577636719e-01
2.046334296464920044e-01
7.814885973930358887e-01
6.391490697860717773e-01
3.823199272155761719e-01
-3.643486797809600830e-01
9.592509865760803223e-01
7.117455601692199707e-01
3.024322390556335449e-01
6.910146474838256836e-01
1.836753934621810913e-01
1.851501762866973877e-01
1.309686183929443359e+00
2.767806313931941986e-02
-4.988229572772979736e-01
1.007840752601623535e+00
1.190669894218444824e+00
-6.403036117553710938e-01
-5.420566797256469727e-01
1.236990928649902344e+00
4.184402525424957275e-01
1.543725579977035522e-01
2.238346636295318604e-01
1.811148822307586670e-01
9.347057342529296875e-02
-9.534897804260253906e-01
-2.627537250518798828e-01
8.989672362804412842e-02
-1.071783825755119324e-01
-1.288785785436630249e-01
-7.412981986999511719e-02
-1.629856109619140625e+00
-8.305991888046264648e-01
-1.893946647644042969e+00
-1.013932526111602783e-01
9.415436387062072754e-01
