-1.617611050605773926e+00
1.093268394470214844e+00
7.710120081901550293e-01
-4.469338431954383850e-02
5.326529741287231445e-01
-5.844151377677917480e-01
6.343415975570678711e-01
2.175348252058029175e-01
-2.633264064788818359e+00
5.096420645713806152e-01
-3.234210908412933350e-01
3.365423679351806641e-01
5.783347412943840027e-02
-1.088218808174133301e+00
4.342764914035797119e-01
-1.383452713489532471e-01
4.781466722488403320e-01
5.493357777595520020e-01
-5.809292197227478027e-01
6.229661107063293457e-01
-3.556513786315917969e-01
-1.269169688224792480e+00
-1.146048456430435181e-01
8.877401351928710938e-01
4.704869687557220459e-01
-6.143578886985778809e-01
-6.917998939752578735e-02
3.365440070629119873e-01
2.060965597629547119e-01
-3.569170236587524414e-01
-1.399126172065734863e+00
-1.397049427032470703e-01
-1.331524133682250977e+00
4.712784290313720703e-02
-8.879422545433044434e-01
-7.150622457265853882e-02
1.716339707374572754e+00
-1.001273870468139648e+00
-4.575848877429962158e-01
7.186554372310638428e-02
1.157580018043518066e+00
-4.603990912437438965e-01
-4.545935094356536865e-01
1.209012717008590698e-01
7.283284515142440796e-02
8.742440342903137207e-01
2.773050069808959961e-01
-5.134384036064147949e-01
7.027785778045654297e-01
8.515319228172302246e-01
-1.188795089721679688e+00
8.782517313957214355e-01
6.063259243965148926e-01
-1.386530399322509766e-01
1.041167020797729492e+00
-7.132186889648437500e-01
-3.137911260128021240e-01
-2.186464369297027588e-01
2.010152637958526611e-01
-5.990235805511474609e-01
5.261881351470947266e-01
-1.181552410125732422e+00
-1.043519377708435059e+00
2.389701008796691895e-01
-3.116059899330139160e-01
-8.134850114583969116e-02
8.094988465309143066e-01
1.919399976730346680e+00
7.400138974189758301e-01
9.889484047889709473e-01
5.823125839233398438e-01
-1.348669640719890594e-03
-5.176103115081787109e-01
-2.690314054489135742e-01
-5.789883434772491455e-02
-7.170629501342773438e-01
1.223494485020637512e-01
-1.021859169006347656e+00
1.940956354141235352e+00
1.485679447650909424e-01
4.589898884296417236e-01
-9.118103981018066406e-01
-9.673466533422470093e-02
3.474356234073638916e-01
1.804843068122863770e+00
-1.866597294807434082e+00
-5.560635924339294434e-01
7.967072725296020508e-01
3.669164180755615234e-01
-2.167518377304077148e+00
3.116374909877777100e-01
1.422156810760498047e+00
-2.418427914381027222e-01
-3.818406909704208374e-02
8.743698000907897949e-01
-2.629052102565765381e-01
5.967391133308410645e-01
-1.176911145448684692e-01
9.552066326141357422e-01
-2.319518290460109711e-02
-9.324793815612792969e-01
4.612002968788146973e-01
5.719310045242309570e-01
-6.190059781074523926e-01
9.234709739685058594e-01
-3.465460613369941711e-02
-1.762772202491760254e+00
1.023644089698791504e+00
1.540106534957885742e+00
-6.482107639312744141e-01
-2.278823554515838623e-01
1.716169714927673340e+00
1.082813858985900879e+00
7.349351048469543457e-01
-2.150811702013015747e-01
7.602694630622863770e-02
5.192061662673950195e-01
-1.072255969047546387e+00
1.090174436569213867e+00
-4.791832864284515381e-01
-3.509699702262878418e-01
-5.771945714950561523e-01
-7.155856490135192871e-01
-8.830085396766662598e-01
-1.766862988471984863e+00
-1.118564367294311523e+00
5.460183620452880859e-01
1.462203860282897949e+00
