5.312694907188415527e-01
6.786022782325744629e-01
3.823131322860717773e-01
9.012286067008972168e-01
6.361334323883056641e-01
6.319537758827209473e-01
6.405827403068542480e-01
6.625599265098571777e-01
6.930630803108215332e-01
6.804986596107482910e-01
5.974172949790954590e-01
6.891788840293884277e-01
5.899774432182312012e-01
6.604034304618835449e-01
6.693056821823120117e-01
6.349228620529174805e-01
6.024761199951171875e-01
5.858199000358581543e-01
6.130672097206115723e-01
6.221232414245605469e-01
6.212048530578613281e-01
7.182520627975463867e-01
6.135828495025634766e-01
6.709305047988891602e-01
7.575635313987731934e-01
6.863476037979125977e-01
6.982921957969665527e-01
6.448503136634826660e-01
7.604044675827026367e-01
6.213756203651428223e-01
7.150670886039733887e-01
4.549396336078643799e-01
4.827197492122650146e-01
6.287531852722167969e-01
7.211606502532958984e-01
7.045249342918395996e-01
6.817674040794372559e-01
6.149707436561584473e-01
6.683453917503356934e-01
6.319339871406555176e-01
6.718190908432006836e-01
6.672335267066955566e-01
8.236723542213439941e-01
6.140757799148559570e-01
7.276654839515686035e-01
6.310696005821228027e-01
7.305105328559875488e-01
4.942429065704345703e-01
6.908603906631469727e-01
6.454895734786987305e-01
6.096386313438415527e-01
6.542774438858032227e-01
7.107086777687072754e-01
6.444350481033325195e-01
6.986039876937866211e-01
6.716958284378051758e-01
6.541396975517272949e-01
6.343134641647338867e-01
6.241430640220642090e-01
7.101726531982421875e-01
6.888475418090820312e-01
6.135572791099548340e-01
6.312573552131652832e-01
6.638768315315246582e-01
6.690607070922851562e-01
5.884449481964111328e-01
6.261336207389831543e-01
6.402057409286499023e-01
6.608186960220336914e-01
6.280512809753417969e-01
6.566153168678283691e-01
6.173706054687500000e-01
7.518891692161560059e-01
5.513678193092346191e-01
6.974676251411437988e-01
6.397466659545898438e-01
6.462035179138183594e-01
6.443371176719665527e-01
7.602951526641845703e-01
6.037694811820983887e-01
6.502945423126220703e-01
7.329860925674438477e-01
7.140835523605346680e-01
8.277527689933776855e-01
5.803942084312438965e-01
7.262499928474426270e-01
7.318968176841735840e-01
6.236937642097473145e-01
6.514739990234375000e-01
6.809182167053222656e-01
6.517608761787414551e-01
6.421282887458801270e-01
6.430810093879699707e-01
6.646350622177124023e-01
7.055506110191345215e-01
6.204249262809753418e-01
6.302767395973205566e-01
7.561675310134887695e-01
6.456194519996643066e-01
6.616208553314208984e-01
5.888481140136718750e-01
6.493868827819824219e-01
7.165829539299011230e-01
6.796776652336120605e-01
5.324061512947082520e-01
7.111709117889404297e-01
5.897484421730041504e-01
6.508451700210571289e-01
6.193604469299316406e-01
6.982913613319396973e-01
6.762773394584655762e-01
5.929207801818847656e-01
7.050495147705078125e-01
5.851232409477233887e-01
5.919575095176696777e-01
7.281821966171264648e-01
7.013725042343139648e-01
6.306395530700683594e-01
6.580712795257568359e-01
4.653188288211822510e-01
6.304153800010681152e-01
7.458066344261169434e-01
6.526928544044494629e-01
6.083076000213623047e-01
1.001568436622619629e+00
6.890259981155395508e-01
7.020574808120727539e-01
6.444205045700073242e-01
