4.985526502132415771e-01
5.351564884185791016e-01
4.372453093528747559e-01
1.028357028961181641e+00
6.133225560188293457e-01
6.516133546829223633e-01
5.349981188774108887e-01
6.931395530700683594e-01
6.264659762382507324e-01
5.223332643508911133e-01
5.920176506042480469e-01
9.133995771408081055e-01
6.869043111801147461e-01
6.905727386474609375e-01
6.996048688888549805e-01
6.706361770629882812e-01
3.856091201305389404e-01
4.125452637672424316e-01
7.369908094406127930e-01
5.346509814262390137e-01
6.429647207260131836e-01
3.907097876071929932e-01
5.059586763381958008e-01
5.728715062141418457e-01
4.994748532772064209e-01
7.223328351974487305e-01
7.043693661689758301e-01
5.101825594902038574e-01
8.281644582748413086e-01
4.290244281291961670e-01
5.225258469581604004e-01
5.477142333984375000e-01
5.958324074745178223e-01
6.820800900459289551e-01
7.376980781555175781e-01
6.233176589012145996e-01
5.979804396629333496e-01
6.275968551635742188e-01
6.548468470573425293e-01
4.741548299789428711e-01
6.175420284271240234e-01
4.707447886466979980e-01
4.829137623310089111e-01
6.150884032249450684e-01
4.416542053222656250e-01
7.026299834251403809e-01
5.699126720428466797e-01
6.072194576263427734e-01
6.866991519927978516e-01
5.043066143989562988e-01
5.584358572959899902e-01
5.938561558723449707e-01
7.224410176277160645e-01
6.176987886428833008e-01
5.719845294952392578e-01
8.530368208885192871e-01
3.932100832462310791e-01
6.715016365051269531e-01
4.750087559223175049e-01
6.483348011970520020e-01
6.708452701568603516e-01
6.844470500946044922e-01
4.342904388904571533e-01
4.947741627693176270e-01
6.871718764305114746e-01
4.798756241798400879e-01
6.870343089103698730e-01
4.833927452564239502e-01
6.366914510726928711e-01
4.337442219257354736e-01
6.022065281867980957e-01
7.187782526016235352e-01
8.632498383522033691e-01
3.578007817268371582e-01
7.817742228507995605e-01
6.098431944847106934e-01
6.677415370941162109e-01
6.113671064376831055e-01
6.623406410217285156e-01
7.824761867523193359e-01
6.043995022773742676e-01
7.303730249404907227e-01
5.626629590988159180e-01
7.190808653831481934e-01
5.704202651977539062e-01
6.450425982475280762e-01
7.469123601913452148e-01
4.151292443275451660e-01
6.511295437812805176e-01
6.386249661445617676e-01
7.292652726173400879e-01
5.730288028717041016e-01
5.773882269859313965e-01
4.518465399742126465e-01
7.749840021133422852e-01
7.086506485939025879e-01
6.418338418006896973e-01
5.498273968696594238e-01
4.676197767257690430e-01
7.366164922714233398e-01
5.736652612686157227e-01
6.182885169982910156e-01
6.454546451568603516e-01
5.427865386009216309e-01
5.628457069396972656e-01
6.332760453224182129e-01
4.834986627101898193e-01
4.926413893699645996e-01
5.140345096588134766e-01
7.912268042564392090e-01
6.518604755401611328e-01
4.338272213935852051e-01
4.768641591072082520e-01
4.402253627777099609e-01
7.711243629455566406e-01
7.100617885589599609e-01
6.802186369895935059e-01
5.536680817604064941e-01
5.359979271888732910e-01
4.609335362911224365e-01
4.406337440013885498e-01
8.029695153236389160e-01
5.715675950050354004e-01
6.219843626022338867e-01
7.616864442825317383e-01
6.953449845314025879e-01
6.021963953971862793e-01
3.999809920787811279e-01
