-5.479135513305664062e-01
3.940537273883819580e-01
7.507814764976501465e-01
-2.104067653417587280e-01
1.858965903520584106e-01
-7.553733885288238525e-02
7.662092447280883789e-01
1.390941888093948364e-01
-1.207661390304565430e+00
-3.641028702259063721e-01
6.434383988380432129e-01
5.101246237754821777e-01
-9.965290874242782593e-02
-7.441577315330505371e-01
4.253911972045898438e-01
-8.890478312969207764e-02
-2.216784283518791199e-02
2.270931303501129150e-01
-4.628659188747406006e-01
-2.235154062509536743e-01
3.816219568252563477e-01
1.270797997713088989e-01
6.654219627380371094e-01
1.515233069658279419e-01
5.542072057723999023e-01
-6.485192179679870605e-01
1.502532362937927246e-01
6.019073724746704102e-01
2.312927544116973877e-01
-3.546539545059204102e-01
-8.746671676635742188e-01
-6.234427690505981445e-01
-7.816850543022155762e-01
-2.005891054868698120e-01
1.521374434232711792e-01
5.918072909116744995e-02
7.809513807296752930e-01
-8.430848270654678345e-02
-1.381631016731262207e+00
-2.965488135814666748e-01
5.304402709007263184e-01
-7.916335761547088623e-02
-3.827660083770751953e-01
7.958426326513290405e-02
5.325385928153991699e-01
-4.827942848205566406e-01
1.596143096685409546e-01
-2.718691825866699219e-01
5.815894603729248047e-01
9.407607316970825195e-01
-6.533431410789489746e-01
9.351410865783691406e-01
7.295435667037963867e-01
1.141923815011978149e-01
1.016810256987810135e-02
-3.297287523746490479e-01
-5.298982262611389160e-01
-4.112179279327392578e-01
3.654922544956207275e-01
2.261490076780319214e-01
6.625356078147888184e-01
-1.137243509292602539e+00
-8.099124431610107422e-01
-4.323200285434722900e-01
-1.160495355725288391e-02
3.404091298580169678e-01
-2.120047062635421753e-01
1.741788029670715332e+00
5.140745043754577637e-01
2.426419779658317566e-02
-3.382043838500976562e-01
-2.100337147712707520e-01
-7.780781984329223633e-01
5.611921548843383789e-01
5.294863134622573853e-02
-1.221967861056327820e-01
7.211802601814270020e-01
-4.233359098434448242e-01
1.171626925468444824e+00
4.460915923118591309e-01
-7.450741529464721680e-02
-6.620882153511047363e-01
-5.539978295564651489e-02
3.652263879776000977e-01
1.234529614448547363e+00
-9.140880703926086426e-01
-7.532663345336914062e-01
1.195314973592758179e-01
5.712357759475708008e-01
-1.406785368919372559e+00
8.307095170021057129e-01
5.061786174774169922e-01
-5.644771456718444824e-01
1.046674013137817383e+00
4.158356785774230957e-01
1.574986726045608521e-01
6.750911474227905273e-01
-8.233045041561126709e-02
8.047499656677246094e-01
-2.382952570915222168e-01
-1.025339365005493164e+00
1.425509303808212280e-01
5.864406228065490723e-01
-5.581204891204833984e-01
7.533212304115295410e-01
-7.948208451271057129e-01
-1.525282502174377441e+00
9.580348134040832520e-01
3.972274959087371826e-01
-2.919360697269439697e-01
2.931353449821472168e-01
1.038416266441345215e+00
1.723813533782958984e+00
4.586633741855621338e-01
-1.258688569068908691e-01
3.507125675678253174e-01
-6.417984515428543091e-02
-2.245279699563980103e-01
1.048415154218673706e-01
-6.875258088111877441e-01
4.066083431243896484e-01
4.862312376499176025e-01
3.888470828533172607e-01
-7.650945782661437988e-01
-1.070806741714477539e+00
3.234658837318420410e-01
-2.352830618619918823e-01
1.283165097236633301e+00
