-7.942973375320434570e-01
8.368853926658630371e-01
-3.962575793266296387e-01
-5.492251515388488770e-01
4.735470414161682129e-01
-2.240969091653823853e-01
4.825740754604339600e-01
5.399081707000732422e-01
-3.989713191986083984e-01
-1.399959325790405273e+00
-8.568601310253143311e-02
1.034534811973571777e+00
-1.404701322317123413e-01
1.860265433788299561e-01
7.965832352638244629e-01
-1.927572786808013916e-01
1.387290656566619873e-01
5.885238647460937500e-01
1.190118789672851562e+00
6.185136437416076660e-01
-8.932159543037414551e-01
-9.318141937255859375e-01
2.684868574142456055e-01
7.969494163990020752e-02
-1.199701666831970215e+00
-4.831263422966003418e-01
-4.924824833869934082e-01
-7.453020215034484863e-01
-2.767849862575531006e-01
2.688960731029510498e-01
-9.390915036201477051e-01
-9.301115870475769043e-01
-8.461127281188964844e-01
6.471131742000579834e-02
-1.041544795036315918e+00
4.897772371768951416e-01
7.595734298229217529e-02
-2.184587717056274414e-01
2.271388471126556396e-02
-5.589339733123779297e-01
6.782291531562805176e-01
-1.152248755097389221e-01
-3.297955393791198730e-01
3.308951556682586670e-01
-8.533079028129577637e-01
3.755702376365661621e-01
1.349954158067703247e-01
5.760738626122474670e-02
-3.326787352561950684e-01
1.173639297485351562e-01
3.849256336688995361e-01
-8.860925436019897461e-01
3.945698738098144531e-01
-4.201778173446655273e-01
6.887189149856567383e-01
7.481852173805236816e-02
8.619277477264404297e-01
8.245445787906646729e-02
8.795661479234695435e-02
8.666440844535827637e-02
-4.454900324344635010e-01
7.313848733901977539e-01
-5.107456818222999573e-03
8.520237356424331665e-02
3.697655498981475830e-01
-6.200282573699951172e-01
2.878303527832031250e-01
3.255828022956848145e-01
-3.399551510810852051e-01
2.345086187124252319e-01
2.714999616146087646e-01
-1.855229638749733567e-04
8.104898929595947266e-01
-2.814070463180541992e+00
1.299812346696853638e-01
-1.416906595230102539e+00
7.281665205955505371e-01
4.254280924797058105e-01
-3.691984117031097412e-01
-3.257102072238922119e-01
-3.408774500712752342e-03
-5.333601236343383789e-01
8.210771083831787109e-01
1.010949254035949707e+00
9.010659456253051758e-01
-7.689284682273864746e-01
-5.956729054450988770e-01
1.038509249687194824e+00
-1.809350997209548950e-01
-5.214487910270690918e-01
2.764329016208648682e-01
-3.007464408874511719e-01
-9.514507651329040527e-01
6.320946216583251953e-01
2.762431204319000244e-01
-4.297207891941070557e-01
1.696384251117706299e-01
7.577051967382431030e-02
5.016904324293136597e-02
1.456627368927001953e+00
-3.402649983763694763e-02
5.192747712135314941e-01
5.349177122116088867e-01
1.256695866584777832e+00
1.478600740432739258e+00
7.869210243225097656e-01
5.946281552314758301e-02
4.092798531055450439e-01
4.232665002346038818e-01
-4.313403069972991943e-01
3.215462565422058105e-01
7.693988084793090820e-01
-2.619717717170715332e-01
-1.970668286085128784e-01
2.141553759574890137e-01
9.483080357313156128e-02
-3.154093027114868164e-01
-1.986810117959976196e-01
-2.023794353008270264e-01
-9.184585511684417725e-02
-3.988908529281616211e-01
-6.320616602897644043e-01
-1.739626377820968628e-01
-1.044795036315917969e+00
-5.832349658012390137e-01
-4.982799291610717773e-02
-3.457522988319396973e-01
2.402294278144836426e-01
