6.532151103019714355e-01
7.597354054450988770e-01
1.237430334091186523e+00
1.584048151969909668e+00
1.088134050369262695e+00
9.591715335845947266e-01
1.145996212959289551e+00
1.041215062141418457e+00
1.142785906791687012e+00
8.580934405326843262e-01
7.195276021957397461e-01
1.583206534385681152e+00
9.402120709419250488e-01
1.284325361251831055e+00
1.224887490272521973e+00
9.432930350303649902e-01
7.615088224411010742e-01
6.303892731666564941e-01
1.223044395446777344e+00
8.182707428932189941e-01
1.180369734764099121e+00
4.616779983043670654e-01
9.864728450775146484e-01
9.633026719093322754e-01
7.642037272453308105e-01
1.156231880187988281e+00
1.191229939460754395e+00
6.723141074180603027e-01
1.336986303329467773e+00
6.514561772346496582e-01
7.412998676300048828e-01
8.921335935592651367e-01
1.319341421127319336e+00
1.214715242385864258e+00
1.251247882843017578e+00
8.470141291618347168e-01
1.153739690780639648e+00
1.071726083755493164e+00
9.957177042961120605e-01
9.267938137054443359e-01
1.026978135108947754e+00
7.217682003974914551e-01
7.670631408691406250e-01
1.139771819114685059e+00
7.051382064819335938e-01
1.215467572212219238e+00
8.754569888114929199e-01
6.720970273017883301e-01
1.474849462509155273e+00
8.174044489860534668e-01
7.872621417045593262e-01
1.000532984733581543e+00
1.433192849159240723e+00
1.387148499488830566e+00
1.024708151817321777e+00
9.142557978630065918e-01
4.914835691452026367e-01
9.351971149444580078e-01
5.805987715721130371e-01
8.764075040817260742e-01
1.175329446792602539e+00
9.910413622856140137e-01
5.571488738059997559e-01
8.346461057662963867e-01
1.143837451934814453e+00
8.007078170776367188e-01
1.077820658683776855e+00
6.740398406982421875e-01
1.027883529663085938e+00
7.049472332000732422e-01
1.265848040580749512e+00
1.195524454116821289e+00
1.197373986244201660e+00
1.265025496482849121e+00
1.187406063079833984e+00
1.110623121261596680e+00
1.055223107337951660e+00
6.146774888038635254e-01
8.252728581428527832e-01
7.595220804214477539e-01
7.549094557762145996e-01
7.432042360305786133e-01
7.934024333953857422e-01
1.118117928504943848e+00
9.200534224510192871e-01
1.121362209320068359e+00
8.027104139328002930e-01
5.845825076103210449e-01
1.129002571105957031e+00
1.052529335021972656e+00
1.217109322547912598e+00
9.669424891471862793e-01
1.131073117256164551e+00
8.368823528289794922e-01
1.008274197578430176e+00
1.049436450004577637e+00
8.981475234031677246e-01
7.141900062561035156e-01
9.379956722259521484e-01
1.166267395019531250e+00
8.930954337120056152e-01
1.135364294052124023e+00
1.182243585586547852e+00
1.096422672271728516e+00
9.222832322120666504e-01
1.047368168830871582e+00
8.931325078010559082e-01
5.410234928131103516e-01
7.171206474304199219e-01
8.686423897743225098e-01
1.129674196243286133e+00
5.995463728904724121e-01
8.354064822196960449e-01
5.700452327728271484e-01
7.889584898948669434e-01
8.571423888206481934e-01
9.034603834152221680e-01
9.283772706985473633e-01
7.229832410812377930e-01
8.972111940383911133e-01
6.262538433074951172e-01
9.279435873031616211e-01
7.305283546447753906e-01
9.864889979362487793e-01
1.066594481468200684e+00
9.601970911026000977e-01
7.965188622474670410e-01
4.779823124408721924e-01
