-3.608527183532714844e-01
1.478749662637710571e-01
7.915557622909545898e-01
-2.815824747085571289e-01
8.958936482667922974e-02
1.155062764883041382e-01
8.921738862991333008e-01
2.435416281223297119e-01
-9.661295413970947266e-01
-1.848565042018890381e-01
8.841564655303955078e-01
4.448690414428710938e-01
-1.536681205034255981e-01
-7.429220676422119141e-01
3.358114361763000488e-01
-7.964392192661762238e-03
7.927950471639633179e-02
-1.216230392456054688e-01
-4.207486212253570557e-01
-1.165043711662292480e-01
4.575048089027404785e-01
6.777948141098022461e-01
9.283188581466674805e-01
2.109561115503311157e-01
2.562307715415954590e-01
-6.954563856124877930e-01
1.069433316588401794e-01
4.234527945518493652e-01
1.663750559091567993e-01
-1.451840698719024658e-01
-1.121747374534606934e+00
-4.625514745712280273e-01
-7.852958440780639648e-01
-2.356556504964828491e-01
2.139296084642410278e-01
-1.402097344398498535e-01
9.721698164939880371e-01
-1.712926924228668213e-01
-1.567492127418518066e+00
-4.723265767097473145e-01
3.521080911159515381e-01
7.740581780672073364e-02
-5.708958506584167480e-01
6.971501745283603668e-03
6.395368576049804688e-01
-4.484800994396209717e-01
-5.556742101907730103e-02
4.968666937202215195e-03
5.394036173820495605e-01
1.178170323371887207e+00
-3.844102919101715088e-01
8.621554374694824219e-01
7.782294154167175293e-01
1.207113489508628845e-01
2.712243702262639999e-03
-1.464938521385192871e-01
-8.838209509849548340e-01
-2.080354988574981689e-01
6.549373865127563477e-01
4.447916150093078613e-01
4.915242195129394531e-01
-1.262432932853698730e+00
-1.129573345184326172e+00
-7.559364438056945801e-01
-1.304866224527359009e-01
1.098264306783676147e-01
-2.842179834842681885e-01
1.930310487747192383e+00
4.641247093677520752e-01
-2.215198241174221039e-02
-3.441513776779174805e-01
-2.222373336553573608e-01
-7.286067008972167969e-01
7.620940208435058594e-01
1.468937993049621582e-01
-1.217272132635116577e-02
7.734212279319763184e-01
-1.708053201436996460e-01
1.088595867156982422e+00
6.803208589553833008e-01
-3.394787609577178955e-01
-9.440321326255798340e-01
-3.269666135311126709e-01
2.384839355945587158e-01
1.510275840759277344e+00
-8.631026148796081543e-01
-9.673081636428833008e-01
-1.658005118370056152e-01
7.578127384185791016e-01
-1.361646294593811035e+00
8.514486551284790039e-01
6.195740103721618652e-01
-6.858895421028137207e-01
1.332163691520690918e+00
3.341542780399322510e-01
2.453867644071578979e-01
5.251605510711669922e-01
-3.917600810527801514e-01
7.697786092758178711e-01
-1.929590553045272827e-01
-8.845173120498657227e-01
1.979806423187255859e-01
6.531860828399658203e-01
-4.369619786739349365e-01
6.833423972129821777e-01
-8.337718248367309570e-01
-1.234517216682434082e+00
4.604173600673675537e-01
5.204017162322998047e-01
-2.027148008346557617e-02
2.008066177368164062e-01
7.383881211280822754e-01
1.621659040451049805e+00
7.797114253044128418e-01
6.363433599472045898e-02
6.092575192451477051e-01
6.160374730825424194e-03
-3.116089105606079102e-01
-1.921419948339462280e-01
-6.713200807571411133e-01
7.370069026947021484e-01
2.609858512878417969e-01
6.635981202125549316e-01
-8.694230318069458008e-01
-9.387831687927246094e-01
2.746147215366363525e-01
-5.504276156425476074e-01
7.858067154884338379e-01
