7.048474550247192383e-01
9.288834333419799805e-01
1.816267818212509155e-01
8.296806216239929199e-01
9.269072413444519043e-01
8.680617213249206543e-01
1.037113785743713379e+00
8.196352720260620117e-01
9.130013585090637207e-01
9.358763694763183594e-01
8.263878822326660156e-01
1.027283310890197754e+00
8.461908698081970215e-01
8.216505646705627441e-01
1.014976143836975098e+00
9.276955127716064453e-01
8.603113889694213867e-01
6.449868679046630859e-01
9.776830077171325684e-01
8.372241854667663574e-01
8.781999349594116211e-01
1.035766601562500000e+00
6.731362938880920410e-01
9.721578359603881836e-01
1.145336031913757324e+00
1.003888010978698730e+00
9.896362423896789551e-01
9.330053329467773438e-01
1.188476324081420898e+00
9.043000340461730957e-01
9.625970721244812012e-01
5.751042366027832031e-01
3.743769228458404541e-01
9.613596796989440918e-01
1.091842770576477051e+00
1.097430348396301270e+00
9.022744297981262207e-01
8.379968404769897461e-01
1.016466379165649414e+00
9.066194295883178711e-01
8.922637701034545898e-01
1.013360261917114258e+00
7.364491224288940430e-01
7.255601286888122559e-01
8.031583428382873535e-01
8.638541102409362793e-01
9.432350397109985352e-01
5.926876664161682129e-01
7.678294181823730469e-01
8.228238224983215332e-01
9.188095331192016602e-01
9.599163532257080078e-01
1.217632532119750977e+00
6.773895025253295898e-01
1.095741152763366699e+00
8.674538135528564453e-01
7.678651213645935059e-01
9.946525096893310547e-01
7.485498189926147461e-01
1.087478995323181152e+00
1.101481914520263672e+00
8.583351373672485352e-01
8.805999159812927246e-01
1.043554186820983887e+00
9.471189379692077637e-01
1.039242625236511230e+00
1.029993772506713867e+00
9.148426651954650879e-01
9.849824309349060059e-01
1.019498944282531738e+00
1.041671037673950195e+00
8.459474444389343262e-01
1.294523239135742188e+00
4.509766101837158203e-01
1.016112804412841797e+00
8.573776483535766602e-01
9.695630073547363281e-01
1.058036804199218750e+00
1.000496625900268555e+00
7.117823958396911621e-01
7.998247146606445312e-01
8.719581365585327148e-01
9.947795867919921875e-01
1.184685349464416504e+00
7.760743498802185059e-01
9.227740764617919922e-01
1.128145098686218262e+00
8.626238703727722168e-01
9.986646175384521484e-01
1.088446497917175293e+00
9.101707935333251953e-01
9.107018709182739258e-01
8.723044991493225098e-01
1.092935800552368164e+00
1.168163180351257324e+00
9.411301016807556152e-01
9.419505000114440918e-01
1.147707223892211914e+00
8.900713324546813965e-01
1.040609002113342285e+00
8.115119338035583496e-01
8.025498986244201660e-01
1.120471358299255371e+00
8.799421191215515137e-01
7.627492547035217285e-01
1.183514714241027832e+00
8.871980905532836914e-01
9.392818808555603027e-01
9.804950952529907227e-01
1.040797591209411621e+00
9.362022280693054199e-01
8.811484575271606445e-01
9.548749327659606934e-01
8.191521763801574707e-01
9.243600368499755859e-01
1.069825649261474609e+00
1.024243712425231934e+00
8.667894601821899414e-01
9.232441186904907227e-01
6.314843893051147461e-01
8.085053563117980957e-01
1.127574324607849121e+00
9.892743229866027832e-01
9.882600307464599609e-01
1.250794768333435059e+00
8.778774738311767578e-01
9.910303354263305664e-01
8.928638696670532227e-01
