-8.652843832969665527e-01
7.831160426139831543e-01
-4.338381886482238770e-01
-5.743836164474487305e-01
3.319668769836425781e-01
-1.972449868917465210e-01
6.817011237144470215e-01
6.093579530715942383e-01
-2.220324128866195679e-01
-1.558627486228942871e+00
4.996971040964126587e-02
9.452629685401916504e-01
-3.013644181191921234e-02
1.317438930273056030e-01
7.806062102317810059e-01
-1.938848644495010376e-01
3.257399499416351318e-01
4.843389391899108887e-01
1.384359478950500488e+00
5.501226186752319336e-01
-9.401738047599792480e-01
-8.583403825759887695e-01
5.232299566268920898e-01
2.087036818265914917e-01
-1.317733168601989746e+00
-6.487070322036743164e-01
-4.399075508117675781e-01
-7.005348801612854004e-01
-2.046788483858108521e-01
3.652061820030212402e-01
-9.090152978897094727e-01
-7.417821884155273438e-01
-9.686000943183898926e-01
-5.164448544383049011e-02
-1.149550080299377441e+00
3.195746839046478271e-01
3.500152826309204102e-01
-3.443123698234558105e-01
-2.075431048870086670e-01
-6.800141334533691406e-01
5.804351568222045898e-01
-1.970531493425369263e-01
-3.315920531749725342e-01
-1.292314263992011547e-03
-8.220498561859130859e-01
6.351127624511718750e-01
1.717859134078025818e-02
-3.250893354415893555e-01
-3.409122824668884277e-01
2.216753065586090088e-01
4.699881374835968018e-01
-1.017185211181640625e+00
7.038465142250061035e-01
-3.904942572116851807e-01
6.995859742164611816e-01
1.902552992105484009e-01
7.586586475372314453e-01
1.479707807302474976e-01
1.907617449760437012e-01
3.065245598554611206e-02
-5.955449342727661133e-01
8.466604948043823242e-01
-2.068176865577697754e-02
-1.763770431280136108e-01
3.380455076694488525e-01
-9.089055061340332031e-01
2.743112146854400635e-01
3.958966732025146484e-01
-3.634669780731201172e-01
3.800563216209411621e-01
3.876192867755889893e-01
3.555780742317438126e-03
9.357264637947082520e-01
-2.807648181915283203e+00
2.573738247156143188e-02
-1.544721364974975586e+00
5.525461435317993164e-01
3.353775143623352051e-01
-2.512824535369873047e-01
-1.575220227241516113e-01
-1.227253973484039307e-01
-6.577739715576171875e-01
8.661164045333862305e-01
7.563100457191467285e-01
1.078490734100341797e+00
-7.189091444015502930e-01
-6.771393418312072754e-01
1.209049344062805176e+00
9.478845447301864624e-02
-4.559466540813446045e-01
2.304977327585220337e-01
-8.699198067188262939e-02
-9.419267773628234863e-01
8.218576908111572266e-01
3.596191406250000000e-01
-2.652413845062255859e-01
9.564539045095443726e-02
2.174898236989974976e-02
2.089543268084526062e-02
1.479419231414794922e+00
-3.455471992492675781e-02
5.908619761466979980e-01
5.308949351310729980e-01
1.404449105262756348e+00
1.494477510452270508e+00
7.234306931495666504e-01
4.085173904895782471e-01
1.131021305918693542e-01
3.017643094062805176e-01
-3.387602567672729492e-01
2.836512625217437744e-01
7.337377071380615234e-01
-2.436836063861846924e-01
-8.964359760284423828e-02
2.089240998029708862e-01
1.316370368003845215e-01
-3.208917677402496338e-01
-3.027548193931579590e-01
-3.682725131511688232e-01
-1.791820526123046875e-01
-2.599214017391204834e-01
-6.335829496383666992e-01
-9.550765901803970337e-02
-1.175967216491699219e+00
-6.133731603622436523e-01
-1.058574765920639038e-01
-3.884198963642120361e-01
1.197814941406250000e-01
