4.818116128444671631e-01
4.870983958244323730e-01
4.111936688423156738e-01
9.502248764038085938e-01
6.314986944198608398e-01
6.448023319244384766e-01
5.256520509719848633e-01
6.403697133064270020e-01
6.399702429771423340e-01
4.547911882400512695e-01
5.605732202529907227e-01
9.913493394851684570e-01
6.545470356941223145e-01
6.595138907432556152e-01
6.845957636833190918e-01
7.245005965232849121e-01
3.588891923427581787e-01
3.902524113655090332e-01
7.754864692687988281e-01
5.007268190383911133e-01
6.148344874382019043e-01
3.363859057426452637e-01
5.634119510650634766e-01
5.596467256546020508e-01
5.548981428146362305e-01
6.689940094947814941e-01
6.385856270790100098e-01
5.008458495140075684e-01
8.328180313110351562e-01
3.739656507968902588e-01
5.092950463294982910e-01
5.597439408302307129e-01
5.801069140434265137e-01
6.686983108520507812e-01
8.726992607116699219e-01
5.445178151130676270e-01
5.983499884605407715e-01
5.894742608070373535e-01
6.403145790100097656e-01
5.067222118377685547e-01
5.918565988540649414e-01
5.019802451133728027e-01
4.670726656913757324e-01
5.391474366188049316e-01
4.029015898704528809e-01
6.264143586158752441e-01
5.911808609962463379e-01
6.068848967552185059e-01
6.826688051223754883e-01
4.799966216087341309e-01
5.695216059684753418e-01
5.842982530593872070e-01
8.050960302352905273e-01
6.367302536964416504e-01
5.166931152343750000e-01
8.762795925140380859e-01
3.574335277080535889e-01
6.571502089500427246e-01
4.189420342445373535e-01
6.248390078544616699e-01
7.246751785278320312e-01
6.921788454055786133e-01
4.260180592536926270e-01
4.844593405723571777e-01
6.783120632171630859e-01
4.599825441837310791e-01
7.091625332832336426e-01
4.930926263332366943e-01
5.966861844062805176e-01
4.593119621276855469e-01
5.564081668853759766e-01
6.618624329566955566e-01
9.854949712753295898e-01
3.534648418426513672e-01
8.253198862075805664e-01
6.217060685157775879e-01
6.349667310714721680e-01
5.972618460655212402e-01
6.813099980354309082e-01
7.348022460937500000e-01
5.499081611633300781e-01
6.804762482643127441e-01
6.182388663291931152e-01
7.576274275779724121e-01
5.508438944816589355e-01
6.872082948684692383e-01
7.766426801681518555e-01
3.649280667304992676e-01
7.310457229614257812e-01
6.486924290657043457e-01
7.153626084327697754e-01
5.518603920936584473e-01
5.716556310653686523e-01
4.807088077068328857e-01
7.857695221900939941e-01
7.408539056777954102e-01
6.485977768898010254e-01
4.571497440338134766e-01
4.792513251304626465e-01
7.299182415008544922e-01
5.301069021224975586e-01
6.667687892913818359e-01
7.470485568046569824e-01
5.122908353805541992e-01
5.060837268829345703e-01
6.375509500503540039e-01
4.701073169708251953e-01
5.232077836990356445e-01
5.425955057144165039e-01
8.071832060813903809e-01
6.213320493698120117e-01
4.585542976856231689e-01
4.114469289779663086e-01
4.185861051082611084e-01
7.935611009597778320e-01
7.894424796104431152e-01
7.057729363441467285e-01
5.891117453575134277e-01
4.882676899433135986e-01
4.433879256248474121e-01
4.220750033855438232e-01
7.741916179656982422e-01
5.518996119499206543e-01
6.407605409622192383e-01
8.427376747131347656e-01
6.912263631820678711e-01
6.251003742218017578e-01
4.325067698955535889e-01
