5.199341177940368652e-01
6.408039927482604980e-01
3.598665297031402588e-01
9.147706627845764160e-01
6.506586074829101562e-01
5.812764763832092285e-01
6.333211064338684082e-01
6.375654339790344238e-01
7.287731170654296875e-01
6.441984176635742188e-01
5.864449143409729004e-01
7.454481720924377441e-01
5.820419788360595703e-01
6.188209652900695801e-01
6.498736143112182617e-01
6.666062474250793457e-01
5.650045871734619141e-01
5.420925617218017578e-01
6.207593679428100586e-01
5.790204405784606934e-01
5.830179452896118164e-01
6.658635735511779785e-01
6.551834940910339355e-01
6.580258011817932129e-01
8.095510005950927734e-01
6.674909591674804688e-01
6.646209359169006348e-01
6.445144414901733398e-01
7.771972417831420898e-01
5.843885540962219238e-01
6.983717679977416992e-01
4.528951942920684814e-01
4.810212254524230957e-01
5.961683392524719238e-01
7.453519701957702637e-01
6.698072552680969238e-01
6.809923648834228516e-01
5.982362627983093262e-01
6.632947921752929688e-01
6.599828600883483887e-01
6.429085135459899902e-01
7.218306660652160645e-01
7.928936481475830078e-01
5.562540888786315918e-01
7.122804522514343262e-01
6.310554146766662598e-01
7.074854373931884766e-01
4.566785097122192383e-01
6.253062486648559570e-01
5.982015132904052734e-01
6.299376487731933594e-01
6.485207676887512207e-01
7.169434428215026855e-01
6.075987219810485840e-01
6.639601588249206543e-01
6.446225643157958984e-01
6.202543973922729492e-01
6.335382461547851562e-01
5.836995840072631836e-01
7.182396650314331055e-01
7.456428408622741699e-01
5.878487229347229004e-01
6.330423355102539062e-01
6.752923130989074707e-01
6.738191843032836914e-01
5.577988624572753906e-01
6.163803339004516602e-01
6.379556059837341309e-01
6.235845685005187988e-01
6.254540085792541504e-01
6.188067197799682617e-01
5.793893337249755859e-01
7.674320340156555176e-01
5.436194539070129395e-01
7.178114652633666992e-01
6.379503607749938965e-01
6.164086461067199707e-01
6.429263353347778320e-01
7.267520427703857422e-01
6.009122133255004883e-01
6.224982142448425293e-01
7.581859230995178223e-01
7.350751161575317383e-01
9.400459527969360352e-01
5.773445367813110352e-01
7.600912451744079590e-01
7.453190088272094727e-01
6.063153743743896484e-01
6.894552111625671387e-01
6.658092737197875977e-01
6.592336297035217285e-01
6.194876432418823242e-01
6.629588007926940918e-01
7.125753760337829590e-01
7.331343889236450195e-01
6.013359427452087402e-01
6.463962793350219727e-01
7.184806466102600098e-01
6.323807835578918457e-01
6.763972640037536621e-01
5.744974017143249512e-01
6.756308674812316895e-01
7.796516418457031250e-01
6.622587442398071289e-01
5.129895210266113281e-01
7.579109668731689453e-01
5.686259865760803223e-01
6.593034267425537109e-01
6.502848267555236816e-01
6.915683150291442871e-01
6.501882076263427734e-01
6.158621907234191895e-01
6.697273850440979004e-01
5.556390881538391113e-01
6.010800004005432129e-01
7.536442279815673828e-01
7.126017808914184570e-01
6.348204612731933594e-01
6.278653144836425781e-01
4.480208456516265869e-01
6.504365205764770508e-01
7.083274126052856445e-01
6.929020285606384277e-01
6.451420783996582031e-01
1.000554680824279785e+00
6.761362552642822266e-01
7.034880518913269043e-01
6.851601004600524902e-01
