-1.560761451721191406e+00
8.341937065124511719e-01
9.792743921279907227e-01
9.480308741331100464e-02
2.856892347335815430e-01
-4.565164744853973389e-01
9.140036106109619141e-01
2.966437935829162598e-01
-2.323467254638671875e+00
6.293572187423706055e-01
-2.314397245645523071e-01
8.419421315193176270e-02
7.457862794399261475e-02
-1.204421520233154297e+00
3.539574742317199707e-01
2.236310392618179321e-03
7.758404016494750977e-01
1.040671467781066895e-01
-5.850319266319274902e-01
6.993798613548278809e-01
-2.158409208059310913e-01
-7.279139757156372070e-01
2.932372093200683594e-01
1.231204748153686523e+00
7.595945894718170166e-02
-7.282723188400268555e-01
7.958918809890747070e-02
2.730950713157653809e-01
1.918153613805770874e-01
-6.064942851662635803e-02
-1.725391983985900879e+00
1.736982911825180054e-01
-1.510700345039367676e+00
-1.078703552484512329e-01
-8.739060163497924805e-01
-3.788067102432250977e-01
2.108335494995117188e+00
-1.173551440238952637e+00
-7.911787033081054688e-01
-3.694705069065093994e-01
9.163049459457397461e-01
-2.188097983598709106e-01
-9.098913073539733887e-01
-1.228783801198005676e-01
2.728128433227539062e-01
1.023959398269653320e+00
-6.335651129484176636e-02
-3.948552906513214111e-01
5.797682404518127441e-01
1.184710621833801270e+00
-8.727597594261169434e-01
6.639160513877868652e-01
9.164840579032897949e-01
-2.102247476577758789e-01
1.132645964622497559e+00
-4.920444190502166748e-01
-6.871066093444824219e-01
-1.032892763614654541e-01
5.016835927963256836e-01
-4.595970809459686279e-01
2.888013720512390137e-01
-1.120899796485900879e+00
-1.442867398262023926e+00
-3.452028334140777588e-01
-2.860142290592193604e-01
-5.324366092681884766e-01
8.887093663215637207e-01
2.154524803161621094e+00
6.304778456687927246e-01
9.164677858352661133e-01
7.566240429878234863e-01
2.090841718018054962e-02
-4.993199110031127930e-01
1.938473582267761230e-01
-5.293462797999382019e-02
-9.283556342124938965e-01
1.146653294563293457e-01
-1.050975322723388672e+00
1.970086812973022461e+00
1.083592846989631653e-01
1.260699480772018433e-01
-1.072381496429443359e+00
-3.793250024318695068e-01
8.049961924552917480e-02
2.299296379089355469e+00
-1.780051350593566895e+00
-6.769387125968933105e-01
5.951452255249023438e-01
7.341415882110595703e-01
-1.946770787239074707e+00
3.782494068145751953e-01
1.697251677513122559e+00
-1.361101120710372925e-01
4.440433084964752197e-01
7.991307377815246582e-01
-2.415663748979568481e-01
6.318674683570861816e-01
-4.382666647434234619e-01
9.985510706901550293e-01
-1.207052916288375854e-01
-7.437376379966735840e-01
5.946322083473205566e-01
7.065980434417724609e-01
-4.433171451091766357e-01
6.927053928375244141e-01
-6.551297847181558609e-03
-1.266535639762878418e+00
4.962643086910247803e-01
1.608804345130920410e+00
-4.174589216709136963e-01
-4.476881623268127441e-01
1.474835157394409180e+00
8.148055672645568848e-01
1.068150281906127930e+00
-6.590370833873748779e-02
2.115470170974731445e-01
5.256010890007019043e-01
-1.275888085365295410e+00
7.365120053291320801e-01
-5.735901594161987305e-01
4.306655377149581909e-03
-6.627670526504516602e-01
-3.731392621994018555e-01
-8.555086851119995117e-01
-1.453750371932983398e+00
-1.155066013336181641e+00
2.895907759666442871e-01
8.598298430442810059e-01
