-1.390846610069274902e+00
7.159066796302795410e-01
-1.610168933868408203e+00
-6.144600510597229004e-01
7.783196568489074707e-01
-3.221257925033569336e-01
3.346298038959503174e-01
1.237945184111595154e-01
-1.604755997657775879e+00
-1.116692721843719482e-01
-3.766297101974487305e-01
5.094530582427978516e-01
6.710350513458251953e-01
-3.817398846149444580e-01
9.238191246986389160e-01
-2.096944600343704224e-01
6.832484155893325806e-02
3.981258273124694824e-01
4.141096174716949463e-01
1.071552038192749023e+00
-5.310746431350708008e-01
-1.057619810104370117e+00
4.287076294422149658e-01
1.397340655326843262e+00
3.812185525894165039e-01
-5.948373079299926758e-01
-2.981348335742950439e-01
-1.132323145866394043e-01
5.015262365341186523e-01
1.415562182664871216e-01
-1.138704776763916016e+00
-5.047537684440612793e-01
-1.725756406784057617e+00
9.904523938894271851e-02
-7.587628960609436035e-01
2.378175556659698486e-01
9.118440151214599609e-01
-5.907355546951293945e-01
-3.331638872623443604e-01
-7.186515331268310547e-01
1.388773798942565918e+00
5.246017873287200928e-02
8.960334956645965576e-02
-4.891603887081146240e-01
-4.702541977167129517e-02
1.977123171091079712e-01
1.413360685110092163e-01
3.904612958431243896e-01
1.320145279169082642e-01
4.499446153640747070e-01
-5.614434927701950073e-02
-2.712872326374053955e-01
1.037739753723144531e+00
-5.209128260612487793e-01
4.854034781455993652e-01
7.918564975261688232e-02
3.847693502902984619e-01
2.818270325660705566e-01
4.777245223522186279e-01
5.736884474754333496e-01
4.973417147994041443e-02
-2.993041276931762695e-02
-6.902179121971130371e-01
-1.482080221176147461e-01
2.565549910068511963e-01
-1.317955404520034790e-01
9.319091439247131348e-01
5.900934934616088867e-01
-6.630836427211761475e-02
7.171785831451416016e-01
4.148582518100738525e-01
-3.655755519866943359e-02
4.529789686203002930e-01
-5.304243087768554688e+00
-4.768021404743194580e-01
-1.015689730644226074e+00
5.677946209907531738e-01
1.644958853721618652e-01
1.653268098831176758e+00
1.584210433065891266e-02
-1.525277048349380493e-01
-1.121641278266906738e+00
2.532439827919006348e-01
8.330074548721313477e-01
1.939634442329406738e+00
-8.015637993812561035e-01
-7.681521773338317871e-01
1.767907977104187012e+00
3.452862203121185303e-01
-6.976519823074340820e-01
1.282503128051757812e+00
6.549779325723648071e-02
-5.929880142211914062e-01
3.226586878299713135e-01
8.171009421348571777e-01
7.355415821075439453e-01
3.383819460868835449e-01
-3.635686933994293213e-01
8.795867562294006348e-01
7.125641107559204102e-01
2.922822535037994385e-01
8.715280890464782715e-01
2.287476509809494019e-01
3.502768278121948242e-01
1.292652130126953125e+00
-2.520992606878280640e-02
-2.744010984897613525e-01
8.343167304992675781e-01
1.040154695510864258e+00
-5.129675269126892090e-01
-5.694649815559387207e-01
1.170904040336608887e+00
3.480555415153503418e-01
2.501983940601348877e-01
2.048206925392150879e-01
2.272982299327850342e-01
1.375736296176910400e-01
-1.061616420745849609e+00
-3.869603276252746582e-01
-1.725679612718522549e-03
7.359384000301361084e-02
-1.635001748800277710e-01
-3.230176120996475220e-02
-1.661003589630126953e+00
-8.482038974761962891e-01
-2.013874530792236328e+00
-7.128843665122985840e-02
8.159042000770568848e-01
