6.278399825096130371e-01
7.174125909805297852e-01
1.160382628440856934e+00
1.542414426803588867e+00
1.043922305107116699e+00
9.814293980598449707e-01
1.285251975059509277e+00
1.065665602684020996e+00
1.327993512153625488e+00
7.510786056518554688e-01
6.872020363807678223e-01
1.837957739830017090e+00
8.831762671470642090e-01
1.214553952217102051e+00
1.306232810020446777e+00
1.041966795921325684e+00
7.726402282714843750e-01
6.430310606956481934e-01
1.282820701599121094e+00
7.794910669326782227e-01
1.137710094451904297e+00
4.302598834037780762e-01
1.103784918785095215e+00
9.301239252090454102e-01
8.291310071945190430e-01
1.132400870323181152e+00
1.051691651344299316e+00
6.691659092903137207e-01
1.386532425880432129e+00
5.643284320831298828e-01
7.418425679206848145e-01
9.126082062721252441e-01
1.360547184944152832e+00
1.113942265510559082e+00
1.409857392311096191e+00
7.870308160781860352e-01
1.214674234390258789e+00
1.100355863571166992e+00
9.897706508636474609e-01
1.004773974418640137e+00
9.968388080596923828e-01
7.300797700881958008e-01
7.388083338737487793e-01
1.046409368515014648e+00
6.420197486877441406e-01
1.091781735420227051e+00
9.315577745437622070e-01
6.576272249221801758e-01
1.480008482933044434e+00
8.326917886734008789e-01
8.026354312896728516e-01
1.061217427253723145e+00
1.580361723899841309e+00
1.536755084991455078e+00
8.941525220870971680e-01
8.890103101730346680e-01
4.610454738140106201e-01
8.889918327331542969e-01
5.398347973823547363e-01
9.377977252006530762e-01
1.261778712272644043e+00
1.140556097030639648e+00
5.439070463180541992e-01
8.137415051460266113e-01
1.171250224113464355e+00
7.715398669242858887e-01
1.115401625633239746e+00
7.448202967643737793e-01
1.023530483245849609e+00
7.505614757537841797e-01
1.319890737533569336e+00
1.170320391654968262e+00
1.264443874359130859e+00
1.354316711425781250e+00
1.248727440834045410e+00
1.226254820823669434e+00
1.073468565940856934e+00
5.847246050834655762e-01
8.313664197921752930e-01
7.841717004776000977e-01
6.760804057121276855e-01
7.214722037315368652e-01
8.476915359497070312e-01
1.116862654685974121e+00
9.280642867088317871e-01
1.152725696563720703e+00
8.041518330574035645e-01
5.589274168014526367e-01
1.208686709403991699e+00
1.023236989974975586e+00
1.226733326911926270e+00
9.980702996253967285e-01
1.163457274436950684e+00
9.162887334823608398e-01
1.043595790863037109e+00
1.011221885681152344e+00
8.126505613327026367e-01
6.347025036811828613e-01
1.005955576896667480e+00
1.012717485427856445e+00
8.874900937080383301e-01
1.249686837196350098e+00
1.367779731750488281e+00
1.038573861122131348e+00
8.463469743728637695e-01
1.126750469207763672e+00
8.902208209037780762e-01
5.471535921096801758e-01
7.442723512649536133e-01
9.147204756736755371e-01
1.074067115783691406e+00
6.151391863822937012e-01
7.069043517112731934e-01
5.506287217140197754e-01
7.531755566596984863e-01
8.993504047393798828e-01
8.808856606483459473e-01
9.951026439666748047e-01
6.868457794189453125e-01
9.142206311225891113e-01
6.120238304138183594e-01
9.027172923088073730e-01
7.237391471862792969e-01
1.066842317581176758e+00
1.033966302871704102e+00
9.424890875816345215e-01
8.103056550025939941e-01
4.796223938465118408e-01
