5.366395115852355957e-01
6.906598806381225586e-01
3.816407620906829834e-01
9.027451872825622559e-01
6.317865848541259766e-01
6.291665434837341309e-01
6.518298983573913574e-01
6.515023112297058105e-01
6.854167580604553223e-01
6.836441159248352051e-01
6.007574200630187988e-01
6.904537081718444824e-01
5.867699384689331055e-01
6.600519418716430664e-01
6.687940359115600586e-01
6.425897479057312012e-01
5.928270220756530762e-01
5.956069827079772949e-01
6.086607575416564941e-01
6.177669167518615723e-01
6.105589866638183594e-01
7.265952825546264648e-01
6.177684068679809570e-01
6.668122410774230957e-01
7.565256357192993164e-01
6.825163960456848145e-01
6.908757686614990234e-01
6.513943076133728027e-01
7.597163319587707520e-01
6.034076809883117676e-01
7.137607932090759277e-01
4.573595523834228516e-01
4.774002134799957275e-01
6.263530254364013672e-01
7.174369692802429199e-01
6.911823749542236328e-01
6.846129298210144043e-01
6.070503592491149902e-01
6.579969525337219238e-01
6.333121061325073242e-01
6.727170348167419434e-01
6.851153373718261719e-01
8.330737948417663574e-01
6.182008385658264160e-01
7.237111330032348633e-01
6.276384592056274414e-01
7.405588626861572266e-01
5.011951327323913574e-01
6.841109991073608398e-01
6.321750283241271973e-01
6.124829649925231934e-01
6.515979170799255371e-01
7.075024247169494629e-01
6.467875242233276367e-01
6.981766223907470703e-01
6.738196611404418945e-01
6.478255391120910645e-01
6.284789443016052246e-01
6.277787089347839355e-01
7.108706831932067871e-01
7.034347653388977051e-01
6.120881438255310059e-01
6.398788094520568848e-01
6.857647299766540527e-01
6.846784353256225586e-01
5.952435731887817383e-01
6.296558976173400879e-01
6.260337829589843750e-01
6.625902652740478516e-01
6.270412802696228027e-01
6.538587808609008789e-01
6.166408061981201172e-01
7.482380867004394531e-01
5.583491921424865723e-01
6.959062814712524414e-01
6.349614858627319336e-01
6.447957754135131836e-01
6.433733105659484863e-01
7.568727731704711914e-01
6.083485484123229980e-01
6.537413001060485840e-01
7.236212491989135742e-01
7.165209650993347168e-01
8.503671884536743164e-01
5.783070325851440430e-01
7.258040308952331543e-01
7.356554865837097168e-01
6.380098462104797363e-01
6.517609357833862305e-01
6.954801082611083984e-01
6.469565033912658691e-01
6.426981687545776367e-01
6.461816430091857910e-01
6.586432456970214844e-01
7.070124745368957520e-01
6.268363595008850098e-01
6.368874907493591309e-01
7.409545779228210449e-01
6.507560014724731445e-01
6.520944833755493164e-01
5.927084684371948242e-01
6.720813512802124023e-01
7.288121581077575684e-01
6.788510084152221680e-01
5.301142930984497070e-01
7.045813798904418945e-01
5.873900651931762695e-01
6.506457924842834473e-01
6.128759384155273438e-01
7.075926661491394043e-01
6.874240636825561523e-01
6.064922809600830078e-01
7.123867273330688477e-01
5.831215977668762207e-01
5.968899130821228027e-01
7.340620160102844238e-01
6.967075467109680176e-01
6.371445059776306152e-01
6.568309068679809570e-01
4.745225608348846436e-01
6.307678818702697754e-01
7.458918690681457520e-01
6.425589919090270996e-01
6.051440834999084473e-01
9.956755042076110840e-01
6.902673840522766113e-01
7.001489996910095215e-01
6.489139795303344727e-01
