6.588050723075866699e-01
7.726501822471618652e-01
1.249242663383483887e+00
1.582216739654541016e+00
1.080873012542724609e+00
9.338930845260620117e-01
1.177934527397155762e+00
1.024742841720581055e+00
1.122410535812377930e+00
8.527067899703979492e-01
7.186775207519531250e-01
1.623733758926391602e+00
9.435760378837585449e-01
1.291913509368896484e+00
1.224972367286682129e+00
9.506910443305969238e-01
7.545686960220336914e-01
6.331405639648437500e-01
1.218913435935974121e+00
8.161838054656982422e-01
1.149642467498779297e+00
4.598601460456848145e-01
1.018381953239440918e+00
9.581991434097290039e-01
7.723690867424011230e-01
1.156672835350036621e+00
1.157467365264892578e+00
6.687539815902709961e-01
1.322844743728637695e+00
6.301954388618469238e-01
7.446265816688537598e-01
8.922397494316101074e-01
1.297266602516174316e+00
1.166739940643310547e+00
1.285528182983398438e+00
8.280558586120605469e-01
1.171722054481506348e+00
1.098686218261718750e+00
9.867869615554809570e-01
9.307916760444641113e-01
1.039645552635192871e+00
7.386018037796020508e-01
7.711821198463439941e-01
1.144561886787414551e+00
7.001758813858032227e-01
1.219667911529541016e+00
8.706202507019042969e-01
6.760113835334777832e-01
1.448483467102050781e+00
8.058685660362243652e-01
7.875288724899291992e-01
1.010879755020141602e+00
1.432364106178283691e+00
1.366495490074157715e+00
1.023165822029113770e+00
9.209982752799987793e-01
4.854625165462493896e-01
9.399442076683044434e-01
5.805637836456298828e-01
8.792695403099060059e-01
1.195466279983520508e+00
1.016516447067260742e+00
5.620896816253662109e-01
8.507939577102661133e-01
1.168748259544372559e+00
8.227680921554565430e-01
1.072408914566040039e+00
6.725513935089111328e-01
1.035634756088256836e+00
7.196369767189025879e-01
1.261009573936462402e+00
1.198969721794128418e+00
1.202391028404235840e+00
1.286253213882446289e+00
1.160620212554931641e+00
1.149206161499023438e+00
1.053035616874694824e+00
6.149434447288513184e-01
8.194302916526794434e-01
7.628088593482971191e-01
7.471402287483215332e-01
7.334849238395690918e-01
8.000286817550659180e-01
1.115457296371459961e+00
9.145927429199218750e-01
1.128685951232910156e+00
7.875604033470153809e-01
5.885069966316223145e-01
1.145158648490905762e+00
1.054409265518188477e+00
1.229407429695129395e+00
9.855111837387084961e-01
1.133319139480590820e+00
8.324217796325683594e-01
1.001736760139465332e+00
1.041573286056518555e+00
8.978887200355529785e-01
7.011404633522033691e-01
9.620351791381835938e-01
1.130974888801574707e+00
8.873012661933898926e-01
1.167006969451904297e+00
1.216586470603942871e+00
1.068633079528808594e+00
9.153112769126892090e-01
1.035965800285339355e+00
8.799182176589965820e-01
5.434004664421081543e-01
7.227217555046081543e-01
8.684440255165100098e-01
1.122297763824462891e+00
6.049885749816894531e-01
8.353804349899291992e-01
5.679218769073486328e-01
7.993250489234924316e-01
8.607404828071594238e-01
9.116508364677429199e-01
9.525973796844482422e-01
7.152525782585144043e-01
9.156365394592285156e-01
6.194338798522949219e-01
9.189550876617431641e-01
7.332710027694702148e-01
9.721412658691406250e-01
1.067468643188476562e+00
9.661997556686401367e-01
7.977835536003112793e-01
4.776616692543029785e-01
