5.180566310882568359e-01
5.608544945716857910e-01
4.401695132255554199e-01
1.029443502426147461e+00
6.036258935928344727e-01
6.351788640022277832e-01
5.586773753166198730e-01
6.791129708290100098e-01
6.110043525695800781e-01
5.216506123542785645e-01
5.964928865432739258e-01
9.287627935409545898e-01
6.973422765731811523e-01
6.984118819236755371e-01
6.986327171325683594e-01
6.819193959236145020e-01
3.807732760906219482e-01
4.142191410064697266e-01
7.483716607093811035e-01
5.345554947853088379e-01
6.245333552360534668e-01
3.884761631488800049e-01
5.219218730926513672e-01
5.786309242248535156e-01
5.076599717140197754e-01
7.291662693023681641e-01
6.893177032470703125e-01
5.096554756164550781e-01
8.343288898468017578e-01
4.165413081645965576e-01
5.282383561134338379e-01
5.537812709808349609e-01
5.900880694389343262e-01
6.722524762153625488e-01
7.537022233009338379e-01
6.053341627120971680e-01
5.968664288520812988e-01
6.322512030601501465e-01
6.503009200096130371e-01
4.785178899765014648e-01
6.367077231407165527e-01
4.836636483669281006e-01
4.844932258129119873e-01
6.222720742225646973e-01
4.450401961803436279e-01
7.180610895156860352e-01
5.681454539299011230e-01
6.150450110435485840e-01
6.763116717338562012e-01
4.918785095214843750e-01
5.615989565849304199e-01
6.062930226325988770e-01
7.214902639389038086e-01
6.254374384880065918e-01
5.755171179771423340e-01
8.519530892372131348e-01
3.912831246852874756e-01
6.636556386947631836e-01
4.788491725921630859e-01
6.557524204254150391e-01
6.907438635826110840e-01
6.883205771446228027e-01
4.467730820178985596e-01
5.103522539138793945e-01
7.040499448776245117e-01
4.977818727493286133e-01
7.002127170562744141e-01
4.786028861999511719e-01
6.512086987495422363e-01
4.402427375316619873e-01
5.983290672302246094e-01
7.200956344604492188e-01
8.958012461662292480e-01
3.634824752807617188e-01
7.764463424682617188e-01
6.043641567230224609e-01
6.694338321685791016e-01
6.131309866905212402e-01
6.696124076843261719e-01
7.946892976760864258e-01
6.021993756294250488e-01
7.204816937446594238e-01
5.742756128311157227e-01
7.325242161750793457e-01
5.644128918647766113e-01
6.475294232368469238e-01
7.412099838256835938e-01
4.199546277523040771e-01
6.628355979919433594e-01
6.538500785827636719e-01
7.259447574615478516e-01
5.804504752159118652e-01
5.784704089164733887e-01
4.462076425552368164e-01
7.698613405227661133e-01
7.173971533775329590e-01
6.513245105743408203e-01
5.335258245468139648e-01
4.772339165210723877e-01
7.278426289558410645e-01
5.706848502159118652e-01
6.570952534675598145e-01
6.672128438949584961e-01
5.394666790962219238e-01
5.582120418548583984e-01
6.249740123748779297e-01
4.760844409465789795e-01
4.942387640476226807e-01
5.156386494636535645e-01
7.970232367515563965e-01
6.594004631042480469e-01
4.414634108543395996e-01
4.805920422077178955e-01
4.370347857475280762e-01
7.949452400207519531e-01
7.133696079254150391e-01
6.815754771232604980e-01
5.751081109046936035e-01
5.280483961105346680e-01
4.678134322166442871e-01
4.380356073379516602e-01
7.923476696014404297e-01
5.687252879142761230e-01
5.983086824417114258e-01
7.865869998931884766e-01
6.953595280647277832e-01
6.074534654617309570e-01
4.009483754634857178e-01
