-1.395689606666564941e+00
7.492318749427795410e-01
-1.516489028930664062e+00
-6.422906517982482910e-01
8.712557554244995117e-01
-3.311960399150848389e-01
2.247088849544525146e-01
1.106837689876556396e-01
-1.757081270217895508e+00
-1.124670431017875671e-01
-4.860174953937530518e-01
5.924350023269653320e-01
5.680961012840270996e-01
-3.512051105499267578e-01
9.973513484001159668e-01
-2.200501412153244019e-01
-4.236385226249694824e-02
5.264334082603454590e-01
3.238241076469421387e-01
1.084946036338806152e+00
-4.833526313304901123e-01
-1.093684315681457520e+00
2.630349695682525635e-01
1.351511120796203613e+00
4.463496506214141846e-01
-4.996585547924041748e-01
-3.419162333011627197e-01
-1.041769534349441528e-01
4.412923753261566162e-01
9.787898510694503784e-02
-1.140444755554199219e+00
-6.638576984405517578e-01
-1.652943968772888184e+00
1.606796532869338989e-01
-6.442719697952270508e-01
3.432296216487884521e-01
6.904196143150329590e-01
-4.885697662830352783e-01
-3.269984424114227295e-01
-5.823324918746948242e-01
1.510244965553283691e+00
5.805367603898048401e-02
2.399384677410125732e-01
-2.316855341196060181e-01
-1.155372932553291321e-01
3.888106718659400940e-02
2.767400145530700684e-01
6.765875816345214844e-01
1.888664662837982178e-01
3.175589740276336670e-01
-1.420292258262634277e-01
-1.437761783599853516e-01
9.059649705886840820e-01
-4.469715654850006104e-01
5.375383496284484863e-01
2.074649930000305176e-02
4.789301156997680664e-01
2.139871716499328613e-01
3.880721330642700195e-01
6.060400009155273438e-01
1.308224946260452271e-01
-8.256430178880691528e-02
-6.929787993431091309e-01
-2.148909308016300201e-02
2.928433716297149658e-01
-5.780834704637527466e-02
9.003894329071044922e-01
5.391327738761901855e-01
-9.397681802511215210e-02
6.260077357292175293e-01
3.819330334663391113e-01
-2.839803509414196014e-02
4.354937970638275146e-01
-5.357006549835205078e+00
-4.138538241386413574e-01
-8.985896110534667969e-01
6.630965471267700195e-01
2.038597464561462402e-01
1.572629570960998535e+00
-7.495020329952239990e-02
-2.550735883414745331e-02
-9.836406707763671875e-01
1.733310073614120483e-01
9.726734161376953125e-01
1.814892053604125977e+00
-9.159274697303771973e-01
-7.022979855537414551e-01
1.683236122131347656e+00
9.738222509622573853e-02
-8.112546205520629883e-01
1.323312759399414062e+00
-6.132040289230644703e-04
-6.989259719848632812e-01
1.841360479593276978e-01
7.611284255981445312e-01
6.399394273757934570e-01
3.412804007530212402e-01
-3.576472103595733643e-01
9.670547246932983398e-01
6.916088461875915527e-01
3.019530773162841797e-01
7.414934039115905762e-01
1.713794767856597900e-01
2.087000012397766113e-01
1.299730658531188965e+00
3.652755171060562134e-02
-4.756570160388946533e-01
9.961593151092529297e-01
1.167319416999816895e+00
-6.314546465873718262e-01
-5.191412568092346191e-01
1.239956498146057129e+00
4.119167625904083252e-01
2.023015916347503662e-01
2.423580586910247803e-01
1.877557933330535889e-01
1.281399279832839966e-01
-9.910611510276794434e-01
-3.061119019985198975e-01
6.663966923952102661e-02
-5.376731976866722107e-02
-1.114482432603836060e-01
-8.362160623073577881e-02
-1.660936117172241211e+00
-8.432227373123168945e-01
-1.929543733596801758e+00
-7.785516977310180664e-02
9.594773650169372559e-01
