-5.060561299324035645e-01
3.637937903404235840e-01
7.678327560424804688e-01
-2.091001570224761963e-01
1.894129067659378052e-01
-4.914214462041854858e-02
7.974666953086853027e-01
1.510229110717773438e-01
-1.222498893737792969e+00
-3.753231167793273926e-01
6.879426240921020508e-01
5.048810243606567383e-01
-1.271422207355499268e-01
-7.843419313430786133e-01
4.266961514949798584e-01
-5.764931812882423401e-02
4.294630512595176697e-02
1.431926041841506958e-01
-4.460531175136566162e-01
-2.377934157848358154e-01
3.984649479389190674e-01
1.960452198982238770e-01
6.957467794418334961e-01
2.035585194826126099e-01
4.870902299880981445e-01
-6.575815677642822266e-01
1.454802602529525757e-01
5.743330121040344238e-01
2.281033843755722046e-01
-3.026205301284790039e-01
-9.188668727874755859e-01
-5.775629878044128418e-01
-8.124862909317016602e-01
-1.946626156568527222e-01
1.683478951454162598e-01
1.895444467663764954e-02
8.078771829605102539e-01
-1.082366034388542175e-01
-1.438159108161926270e+00
-3.221462965011596680e-01
5.160475373268127441e-01
-5.730260536074638367e-02
-4.317495822906494141e-01
8.417230099439620972e-02
5.673228502273559570e-01
-4.591747522354125977e-01
1.270300000905990601e-01
-1.874716877937316895e-01
5.677177309989929199e-01
9.763222336769104004e-01
-5.988209843635559082e-01
9.589494466781616211e-01
7.316667437553405762e-01
1.117759644985198975e-01
4.091332107782363892e-02
-3.074145317077636719e-01
-5.894508957862854004e-01
-3.690189421176910400e-01
4.226989746093750000e-01
2.538060843944549561e-01
6.161954402923583984e-01
-1.152265787124633789e+00
-9.125348925590515137e-01
-4.820560812950134277e-01
-2.151961810886859894e-02
2.996790409088134766e-01
-1.884992420673370361e-01
1.788106322288513184e+00
4.806989133358001709e-01
-2.568525075912475586e-02
-3.259842097759246826e-01
-2.210012972354888916e-01
-7.377924323081970215e-01
5.861887931823730469e-01
4.327949881553649902e-02
-1.033561751246452332e-01
7.386345863342285156e-01
-4.039101302623748779e-01
1.154171943664550781e+00
4.567899703979492188e-01
-1.188013777136802673e-01
-6.970001459121704102e-01
-1.025184839963912964e-01
3.710039258003234863e-01
1.268355727195739746e+00
-9.411989450454711914e-01
-7.625144124031066895e-01
1.054258719086647034e-01
5.728316307067871094e-01
-1.435198664665222168e+00
8.714404702186584473e-01
5.143557190895080566e-01
-6.121258735656738281e-01
1.062442541122436523e+00
3.633435964584350586e-01
1.331923007965087891e-01
6.283948421478271484e-01
-1.176489889621734619e-01
8.183135986328125000e-01
-2.298943847417831421e-01
-1.002431392669677734e+00
1.796355545520782471e-01
5.971274375915527344e-01
-5.556613802909851074e-01
7.333942055702209473e-01
-7.901843190193176270e-01
-1.492223501205444336e+00
9.007828235626220703e-01
4.120874106884002686e-01
-2.497081309556961060e-01
3.055609762668609619e-01
1.010730981826782227e+00
1.717624664306640625e+00
5.423033833503723145e-01
-7.624670863151550293e-02
4.214266538619995117e-01
-8.050956763327121735e-03
-2.686967849731445312e-01
5.459382012486457825e-02
-6.767486929893493652e-01
4.890194535255432129e-01
4.636124670505523682e-01
4.190746247768402100e-01
-8.224274516105651855e-01
-1.046870946884155273e+00
3.086896240711212158e-01
-2.993321120738983154e-01
1.215704560279846191e+00
