-1.602380037307739258e+00
1.065461039543151855e+00
8.475924730300903320e-01
-2.962878346443176270e-02
4.976572096347808838e-01
-5.492370128631591797e-01
7.054834961891174316e-01
2.220551818609237671e-01
-2.654571771621704102e+00
4.753542542457580566e-01
-2.909196317195892334e-01
3.089534640312194824e-01
6.398770958185195923e-02
-1.143478512763977051e+00
4.242503345012664795e-01
-9.170559048652648926e-02
6.061172485351562500e-01
4.493796825408935547e-01
-5.611357092857360840e-01
6.034497022628784180e-01
-3.350196778774261475e-01
-1.213732838630676270e+00
-5.618546903133392334e-02
9.924999475479125977e-01
3.830710947513580322e-01
-6.386033892631530762e-01
-3.827065974473953247e-02
3.217861652374267578e-01
1.855829209089279175e-01
-2.968391776084899902e-01
-1.443709135055541992e+00
-6.240063160657882690e-02
-1.400396347045898438e+00
6.086178496479988098e-02
-8.738822937011718750e-01
-1.029340028762817383e-01
1.755871057510375977e+00
-1.055835604667663574e+00
-5.504172444343566895e-01
4.429506137967109680e-03
1.113665103912353516e+00
-4.426344633102416992e-01
-5.150082707405090332e-01
1.153217628598213196e-01
1.280461251735687256e-01
9.321143627166748047e-01
2.266243100166320801e-01
-4.194691479206085205e-01
6.513217091560363770e-01
8.938308358192443848e-01
-1.117065548896789551e+00
8.924063444137573242e-01
6.346243619918823242e-01
-1.630014777183532715e-01
1.085488200187683105e+00
-6.859936118125915527e-01
-3.812561035156250000e-01
-1.782849878072738647e-01
2.675236463546752930e-01
-5.970934629440307617e-01
4.342657327651977539e-01
-1.158531069755554199e+00
-1.145648717880249023e+00
1.455486118793487549e-01
-3.202492296695709229e-01
-1.565752923488616943e-01
8.745365142822265625e-01
1.958846330642700195e+00
6.728489398956298828e-01
8.995677232742309570e-01
6.267857551574707031e-01
-1.181039624498225749e-04
-5.027291178703308105e-01
-2.243553102016448975e-01
-1.010803654789924622e-01
-7.467457056045532227e-01
1.416421830654144287e-01
-1.054246306419372559e+00
1.959794282913208008e+00
9.650981426239013672e-02
4.205531179904937744e-01
-9.101620912551879883e-01
-1.423310786485671997e-01
3.513981401920318604e-01
1.853871464729309082e+00
-1.887940764427185059e+00
-5.299053192138671875e-01
7.873076200485229492e-01
3.713830113410949707e-01
-2.188675880432128906e+00
3.797190785408020020e-01
1.459651350975036621e+00
-2.741954028606414795e-01
-1.746038533747196198e-02
7.931725978851318359e-01
-3.053402304649353027e-01
5.409162640571594238e-01
-1.556266397237777710e-01
9.851052165031433105e-01
-5.841454863548278809e-02
-8.837611079216003418e-01
5.229142308235168457e-01
5.888959169387817383e-01
-6.138603091239929199e-01
8.559907078742980957e-01
1.528262533247470856e-02
-1.667962431907653809e+00
9.464724659919738770e-01
1.543154597282409668e+00
-6.262332797050476074e-01
-2.230353355407714844e-01
1.706148862838745117e+00
1.039052724838256836e+00
8.412723541259765625e-01
-1.659852117300033569e-01
1.347551494836807251e-01
5.921267867088317871e-01
-1.147501707077026367e+00
1.017964124679565430e+00
-4.874556660652160645e-01
-2.490893304347991943e-01
-5.660358071327209473e-01
-7.051619291305541992e-01
-9.557803869247436523e-01
-1.711507558822631836e+00
-1.156295657157897949e+00
4.987924396991729736e-01
1.411628246307373047e+00
