7.145656943321228027e-01
1.011499404907226562e+00
1.856387853622436523e-01
8.278024196624755859e-01
8.901267647743225098e-01
9.126413464546203613e-01
1.060484528541564941e+00
8.468154668807983398e-01
8.451631069183349609e-01
1.014918565750122070e+00
8.244095444679260254e-01
9.494745731353759766e-01
8.555217385292053223e-01
8.579059839248657227e-01
1.013521671295166016e+00
8.876289129257202148e-01
8.740207552909851074e-01
6.883493065834045410e-01
9.454672336578369141e-01
8.628326058387756348e-01
9.052734971046447754e-01
1.090211272239685059e+00
6.396359205245971680e-01
9.368597865104675293e-01
1.089629054069519043e+00
1.007082223892211914e+00
9.803823232650756836e-01
9.156685471534729004e-01
1.162720918655395508e+00
9.274924397468566895e-01
9.736161828041076660e-01
5.687653422355651855e-01
3.758317530155181885e-01
9.732388257980346680e-01
1.023598432540893555e+00
1.099532485008239746e+00
9.229078888893127441e-01
8.390368223190307617e-01
1.013136386871337891e+00
8.265080451965332031e-01
9.040946364402770996e-01
9.479134082794189453e-01
7.458112239837646484e-01
8.025476336479187012e-01
8.440482616424560547e-01
8.499054312705993652e-01
9.679715633392333984e-01
6.608417630195617676e-01
8.042230010032653809e-01
8.503975272178649902e-01
8.913394808769226074e-01
9.476706385612487793e-01
1.146618604660034180e+00
7.257838249206542969e-01
1.104079723358154297e+00
8.831155896186828613e-01
8.030979633331298828e-01
9.516898989677429199e-01
7.851776480674743652e-01
1.064049720764160156e+00
1.023222088813781738e+00
8.647789955139160156e-01
8.585357666015625000e-01
1.062192440032958984e+00
9.552607536315917969e-01
1.029197692871093750e+00
1.016908049583435059e+00
8.930888772010803223e-01
1.024200797080993652e+00
9.864866733551025391e-01
1.057678937911987305e+00
8.697619438171386719e-01
1.215755820274353027e+00
4.601720571517944336e-01
9.788482189178466797e-01
8.346939086914062500e-01
1.005329966545104980e+00
1.022751808166503906e+00
1.028749823570251465e+00
6.837016940116882324e-01
8.306930065155029297e-01
8.643549680709838867e-01
9.616357088088989258e-01
1.127725243568420410e+00
7.838716506958007812e-01
9.211263060569763184e-01
1.061269640922546387e+00
8.782624006271362305e-01
9.048228263854980469e-01
1.076663732528686523e+00
8.957868218421936035e-01
9.481636881828308105e-01
8.532248139381408691e-01
1.046922802925109863e+00
1.097475171089172363e+00
9.307870268821716309e-01
8.960921168327331543e-01
1.167437076568603516e+00
8.552451729774475098e-01
9.620922207832336426e-01
8.205969333648681641e-01
7.721633315086364746e-01
1.050562620162963867e+00
8.940203189849853516e-01
7.766376137733459473e-01
1.065912365913391113e+00
8.774888515472412109e-01
9.176751375198364258e-01
8.992857933044433594e-01
1.005949020385742188e+00
9.825966954231262207e-01
8.368884325027465820e-01
1.036481261253356934e+00
8.387593030929565430e-01
9.175373315811157227e-01
1.042255878448486328e+00
1.022334218025207520e+00
8.516240119934082031e-01
9.667018055915832520e-01
6.470649242401123047e-01
7.906481027603149414e-01
1.133966445922851562e+00
9.208487272262573242e-01
9.061911702156066895e-01
1.244250059127807617e+00
8.594555854797363281e-01
9.863047599792480469e-01
8.505868911743164062e-01
