-7.677655816078186035e-01
8.295809626579284668e-01
-3.500684797763824463e-01
-5.436609387397766113e-01
4.339507818222045898e-01
-2.329806387424468994e-01
5.258518457412719727e-01
5.369895696640014648e-01
-4.378695487976074219e-01
-1.457195162773132324e+00
-5.587250366806983948e-02
1.024401545524597168e+00
-1.224463284015655518e-01
1.583875268697738647e-01
7.931936979293823242e-01
-1.580989658832550049e-01
2.139446288347244263e-01
5.388342738151550293e-01
1.235346674919128418e+00
5.838906764984130859e-01
-8.899884223937988281e-01
-9.395887255668640137e-01
2.987072765827178955e-01
1.070230156183242798e-01
-1.210525512695312500e+00
-5.097784996032714844e-01
-4.638321101665496826e-01
-7.404930591583251953e-01
-2.588682472705841064e-01
2.757782340049743652e-01
-9.507297873497009277e-01
-8.951265215873718262e-01
-8.593984246253967285e-01
5.237608775496482849e-02
-1.052250385284423828e+00
4.942766129970550537e-01
8.520787954330444336e-02
-2.522491514682769775e-01
-3.516158834099769592e-02
-5.521125197410583496e-01
6.990091204643249512e-01
-1.707716286182403564e-01
-3.201776444911956787e-01
2.985635399818420410e-01
-8.394674658775329590e-01
4.259430766105651855e-01
1.081670001149177551e-01
6.036631390452384949e-02
-3.555218279361724854e-01
1.235992535948753357e-01
4.196978211402893066e-01
-8.799355030059814453e-01
4.397030174732208252e-01
-4.260743856430053711e-01
7.251303195953369141e-01
1.152211651206016541e-01
8.322510123252868652e-01
1.167134344577789307e-01
1.041894331574440002e-01
9.704467654228210449e-02
-4.983407557010650635e-01
7.419150471687316895e-01
-2.234694920480251312e-02
6.602066010236740112e-02
3.228889405727386475e-01
-6.668590903282165527e-01
3.129013180732727051e-01
3.248409628868103027e-01
-3.910465538501739502e-01
1.810832023620605469e-01
3.008966147899627686e-01
1.614660024642944336e-02
8.484272956848144531e-01
-2.830350160598754883e+00
9.566362202167510986e-02
-1.427029967308044434e+00
7.197536826133728027e-01
3.936126530170440674e-01
-3.654372394084930420e-01
-3.297954201698303223e-01
-1.232995186001062393e-02
-5.290558934211730957e-01
8.349089026451110840e-01
1.013116955757141113e+00
9.072204828262329102e-01
-7.851447463035583496e-01
-5.839709639549255371e-01
1.096490263938903809e+00
-1.906091719865798950e-01
-5.463396906852722168e-01
2.738287746906280518e-01
-2.435217946767807007e-01
-9.797372817993164062e-01
6.129725575447082520e-01
2.441096603870391846e-01
-4.172678291797637939e-01
1.065795049071311951e-01
6.768484413623809814e-02
6.638192385435104370e-02
1.433442234992980957e+00
-2.423096820712089539e-02
5.681803822517395020e-01
4.983152151107788086e-01
1.277546763420104980e+00
1.460346460342407227e+00
8.037939071655273438e-01
9.555801004171371460e-02
3.726114630699157715e-01
4.053301215171813965e-01
-4.287305474281311035e-01
3.603317439556121826e-01
7.856053113937377930e-01
-2.576884627342224121e-01
-1.308270245790481567e-01
2.424641847610473633e-01
1.035215333104133606e-01
-2.699567079544067383e-01
-2.406628429889678955e-01
-2.674468755722045898e-01
-1.202263832092285156e-01
-3.305280804634094238e-01
-6.080604195594787598e-01
-1.894343495368957520e-01
-1.097326993942260742e+00
-6.012141704559326172e-01
-8.477826416492462158e-02
-3.351806402206420898e-01
2.591602206230163574e-01
