1.649076819419860840e+00
-1.023720145225524902e+00
9.262226819992065430e-01
4.557552933692932129e-01
2.736196994781494141e+00
-2.513993084430694580e-01
-9.214503765106201172e-01
6.996447443962097168e-01
-8.359716534614562988e-01
8.658657073974609375e-01
8.017209172248840332e-02
1.448178172111511230e+00
1.476848840713500977e+00
-1.659458637237548828e+00
-1.908628225326538086e+00
-5.308264493942260742e-01
-1.468968391418457031e+00
1.453312754631042480e+00
3.959277868270874023e-01
-7.095449566841125488e-01
-1.889356255531311035e+00
-2.415633678436279297e+00
1.400639533996582031e+00
2.261413812637329102e+00
-1.683289170265197754e+00
5.521050095558166504e-02
1.315482616424560547e+00
5.008435845375061035e-01
-1.995341777801513672e+00
4.786461889743804932e-01
-4.482177197933197021e-01
-5.513485521078109741e-02
-1.794790267013013363e-03
1.326648235321044922e+00
-1.254741787910461426e+00
1.317694306373596191e+00
9.662380218505859375e-01
-1.128239393234252930e+00
6.087459325790405273e-01
5.905705690383911133e-01
5.427321195602416992e-01
-3.978401655331254005e-04
1.915646791458129883e+00
3.319159746170043945e-01
-5.188332200050354004e-01
-1.450036168098449707e+00
2.961342036724090576e-01
5.664203166961669922e-01
1.432349920272827148e+00
-5.831612944602966309e-01
1.002453565597534180e+00
-2.253249168395996094e+00
8.808553218841552734e-01
-1.560469031333923340e+00
-1.381956100463867188e+00
-1.757679343223571777e+00
7.914374582469463348e-03
2.085870981216430664e+00
5.466703772544860840e-01
1.322110533714294434e+00
-3.365808725357055664e-01
-1.394245386123657227e+00
8.622890114784240723e-01
5.742938071489334106e-02
-4.090318083763122559e-01
-1.824861526489257812e+00
-4.655085802078247070e-01
3.915169835090637207e-01
4.893183112144470215e-01
-2.758829891681671143e-01
6.305783390998840332e-01
-2.849741876125335693e-01
2.056492328643798828e+00
6.328493356704711914e-01
-6.331616640090942383e-01
-2.284389495849609375e+00
-6.157257556915283203e-01
-2.994191646575927734e-01
6.387393474578857422e-01
1.164795085787773132e-01
1.082335710525512695e+00
-1.334024071693420410e+00
7.657881975173950195e-01
2.244130223989486694e-01
-2.281634062528610229e-01
-3.486529588699340820e-01
-2.143102139234542847e-01
-1.602016091346740723e-01
1.704794764518737793e+00
8.802513480186462402e-01
-1.110035419464111328e+00
-1.275308609008789062e+00
-3.817545175552368164e-01
3.166883587837219238e-01
4.849596619606018066e-01
3.703303933143615723e-01
1.071157455444335938e-01
-2.083906829357147217e-01
-2.331687450408935547e+00
-1.865222096443176270e+00
-8.162187933921813965e-01
-1.147285699844360352e+00
-1.155357882380485535e-01
-1.279792666435241699e+00
1.510166525840759277e+00
-4.527313411235809326e-01
-8.667450547218322754e-01
1.558630228042602539e+00
1.716556549072265625e+00
-1.320331245660781860e-01
-1.083698034286499023e+00
1.032033324241638184e+00
5.852649211883544922e-01
5.899422168731689453e-01
2.270940780639648438e+00
-1.160310506820678711e+00
1.040621697902679443e-01
-1.773737907409667969e+00
7.892436385154724121e-01
-3.578874468803405762e-01
2.056295573711395264e-01
-1.087373971939086914e+00
1.432210206985473633e+00
-6.156392097473144531e-01
-8.205736279487609863e-01
-5.779329538345336914e-01
-1.476365923881530762e+00
4.036715924739837646e-01
