-6.891028285026550293e-01
3.029927015304565430e-01
2.203007042407989502e-02
4.213633388280868530e-02
2.049221992492675781e+00
9.091048501431941986e-03
-2.672236859798431396e-01
-6.067856550216674805e-01
6.864050775766372681e-02
-8.764640092849731445e-01
-1.399178624153137207e+00
-3.530125617980957031e-01
-7.463019490242004395e-01
-2.900355100631713867e+00
1.036822676658630371e+00
-4.589014053344726562e-01
1.062421321868896484e+00
-2.470497488975524902e-01
-7.083731889724731445e-01
7.729107737541198730e-01
-4.217208549380302429e-02
2.564401328563690186e-01
1.247613411396741867e-02
1.297814369201660156e+00
-7.389388084411621094e-01
-5.417544245719909668e-01
2.692080736160278320e-01
-1.773261070251464844e+00
3.434962630271911621e-01
1.144716739654541016e+00
-6.430833339691162109e-01
9.615307450294494629e-01
-1.037783384323120117e+00
-4.413504898548126221e-01
1.366772055625915527e+00
-1.348537206649780273e-01
1.455827593803405762e+00
-2.441452741622924805e-01
-2.593235015869140625e+00
-2.659205198287963867e+00
1.911007285118103027e+00
-3.807813823223114014e-01
2.935481071472167969e+00
3.705105781555175781e-01
-2.136542946100234985e-01
-2.428930282592773438e+00
1.026554584503173828e+00
2.319912910461425781e+00
-2.619827389717102051e-01
2.488331943750381470e-01
2.650379657745361328e+00
-1.300151467323303223e+00
-3.841791450977325439e-01
-5.309658050537109375e-01
2.877001762390136719e-01
9.190077185630798340e-01
2.177665680646896362e-01
2.371429204940795898e-01
5.492780208587646484e-01
5.907877087593078613e-01
-5.013979077339172363e-01
3.345673531293869019e-02
6.609511971473693848e-01
1.215269327163696289e+00
-2.067372947931289673e-02
4.933008849620819092e-01
1.320371389389038086e+00
-3.215852081775665283e-01
-6.096729040145874023e-01
-4.976479113101959229e-01
2.535959482192993164e-01
2.170736312866210938e+00
7.609737515449523926e-01
-1.363299369812011719e+00
-2.716437578201293945e+00
-1.160617828369140625e+00
-6.462788581848144531e-01
5.082230642437934875e-02
-6.262705326080322266e-01
-2.829544067382812500e+00
-1.779804825782775879e+00
-1.231873750686645508e+00
5.517313480377197266e-01
-7.140264511108398438e-01
2.655790567398071289e+00
7.057448625564575195e-01
-2.895297110080718994e-01
1.230372428894042969e+00
-2.034464359283447266e+00
3.292306661605834961e-01
1.276462912559509277e+00
-1.368581175804138184e+00
-1.677054762840270996e-01
-1.611321792006492615e-02
4.651542007923126221e-01
-6.406469941139221191e-01
3.862693071365356445e+00
-4.123940169811248779e-01
2.405373156070709229e-01
-2.778601646423339844e-01
-1.921220272779464722e-01
1.434270858764648438e+00
-5.226841568946838379e-01
1.857023453339934349e-03
4.002929925918579102e-01
-1.885276734828948975e-01
-1.565122485160827637e+00
9.624862670898437500e-02
1.719536334276199341e-01
-4.175880253314971924e-01
1.273614525794982910e+00
-1.620640993118286133e+00
6.406813859939575195e-01
-2.150502681732177734e+00
-1.142225027084350586e+00
-3.728881105780601501e-02
-1.118270277976989746e+00
6.326869130134582520e-02
1.117596507072448730e+00
1.164154291152954102e+00
-3.945564329624176025e-01
-7.892315983772277832e-01
4.524827599525451660e-01
-1.021446824073791504e+00
1.742767095565795898e-01
-1.781946271657943726e-01
2.151035368442535400e-01
1.220203116536140442e-01
