5.030311644077301025e-02
3.050898015499114990e-01
5.930889248847961426e-01
-2.018017172813415527e-01
5.482956767082214355e-01
-7.716127634048461914e-01
-9.602907896041870117e-01
6.957807540893554688e-01
-8.717487752437591553e-02
2.409104853868484497e-01
1.170496225357055664e+00
-7.285223007202148438e-01
-1.703331589698791504e+00
-1.410675883293151855e+00
1.061194300651550293e+00
-7.292643189430236816e-01
-1.713633537292480469e+00
1.045584082603454590e+00
1.534160137176513672e+00
-1.310504913330078125e+00
1.419004678726196289e+00
-1.144875764846801758e+00
-1.257497191429138184e+00
7.321162223815917969e-01
-8.193818926811218262e-01
-2.221851348876953125e+00
3.910954296588897705e-01
5.748915076255798340e-01
-2.143649905920028687e-01
-3.113697171211242676e-01
-3.225691020488739014e-01
1.868314385414123535e+00
-2.317408800125122070e+00
1.700750827789306641e+00
2.189401149749755859e+00
3.490374684333801270e-01
-2.794681191444396973e-01
-1.368493914604187012e+00
9.834793806076049805e-01
-5.901690721511840820e-01
-2.767949551343917847e-02
2.424907535314559937e-01
2.129561185836791992e+00
3.491231799125671387e-01
8.259656429290771484e-01
-9.305887222290039062e-01
-9.140136241912841797e-01
2.548890590667724609e+00
-1.536090970039367676e+00
1.930720448493957520e+00
2.046787500381469727e+00
-4.563734233379364014e-01
1.591923475265502930e+00
-3.006815314292907715e-01
1.298432111740112305e+00
-9.028180837631225586e-01
1.673093199729919434e+00
2.547686100006103516e-01
2.555611133575439453e+00
1.765244483947753906e+00
-1.031229496002197266e+00
8.773705959320068359e-01
1.315121412277221680e+00
-4.945347607135772705e-01
2.071889191865921021e-01
-2.164870500564575195e-01
-3.195478767156600952e-02
1.636293649673461914e+00
-8.597151637077331543e-01
1.022943928837776184e-01
6.453021168708801270e-01
1.279374837875366211e+00
-9.670289158821105957e-01
-6.157012581825256348e-01
-6.158054471015930176e-01
-6.217672824859619141e-01
-1.665394157171249390e-01
1.800341606140136719e-01
-1.858600258827209473e+00
-2.349476337432861328e+00
1.776942759752273560e-01
-2.190175950527191162e-01
4.087329655885696411e-02
-4.344910979270935059e-01
2.890467882156372070e+00
-9.695417881011962891e-01
2.486936300992965698e-01
2.122371435165405273e+00
3.189314007759094238e-01
-1.954001426696777344e+00
2.230650037527084351e-01
-1.994614124298095703e+00
8.556475043296813965e-01
3.856994509696960449e-01
2.048678845167160034e-01
-8.360173702239990234e-01
1.390044093132019043e+00
-7.559164762496948242e-01
5.043981671333312988e-01
-9.638169407844543457e-02
7.130514383316040039e-01
4.005132675170898438e+00
-1.326100945472717285e+00
7.505673915147781372e-02
-7.808165252208709717e-02
1.030534505844116211e+00
-2.154263734817504883e+00
6.476585865020751953e-01
6.818785071372985840e-01
-4.995606541633605957e-01
2.535309195518493652e-01
-1.701566576957702637e+00
-1.507581949234008789e+00
-3.371812343597412109e+00
5.769365429878234863e-01
-2.315209865570068359e+00
-7.725639939308166504e-01
4.389627650380134583e-02
-1.064602017402648926e+00
6.851608306169509888e-02
-1.055568695068359375e+00
-9.448921680450439453e-01
-4.740578234195709229e-01
-1.075183033943176270e+00
-6.489942222833633423e-02
1.524037569761276245e-01
-8.364813923835754395e-01
-1.726675510406494141e+00
