-2.928482890129089355e-01
-8.411953449249267578e-01
-2.278737872838973999e-01
4.088655114173889160e-01
1.232995033264160156e+00
-4.468502402305603027e-01
-4.013516902923583984e-01
4.184747338294982910e-01
-1.728053212165832520e+00
-2.463243722915649414e+00
3.165542781352996826e-01
2.727313756942749023e+00
-1.862216740846633911e-01
-6.128327250480651855e-01
1.673878073692321777e+00
-8.689705729484558105e-01
3.549460470676422119e-01
-1.398622274398803711e+00
-1.809456825256347656e+00
-2.483467340469360352e+00
-1.846046447753906250e+00
1.278890609741210938e+00
-2.002098262310028076e-01
9.436849951744079590e-01
-2.051856666803359985e-01
1.278867721557617188e+00
2.747467756271362305e-01
-2.257653713226318359e+00
1.014503613114356995e-01
-3.258748650550842285e-01
-9.741942882537841797e-01
4.801829755306243896e-01
-9.746906161308288574e-01
4.949215054512023926e-01
-1.602451205253601074e+00
1.480993509292602539e+00
2.045816659927368164e+00
-3.014805018901824951e-01
-1.810051947832107544e-01
-2.792117893695831299e-01
1.713300704956054688e+00
-1.398251056671142578e+00
2.165528059005737305e+00
-1.370183348655700684e+00
-1.458200216293334961e+00
-1.012171387672424316e+00
-2.843808233737945557e-01
-5.327656865119934082e-01
5.851737856864929199e-01
1.389030456542968750e+00
-5.532512068748474121e-01
-1.938838720321655273e+00
-1.062086701393127441e+00
-1.503260374069213867e+00
-1.229728236794471741e-01
1.989299416542053223e+00
-1.052292704582214355e+00
1.760833144187927246e+00
1.498178005218505859e+00
-7.264578938484191895e-01
-1.375168800354003906e+00
8.847712278366088867e-01
-3.804121017456054688e-01
6.028302907943725586e-01
5.530047416687011719e-01
-1.873121857643127441e+00
9.405888915061950684e-01
2.182356595993041992e+00
4.494049549102783203e-01
-2.072506427764892578e+00
1.358588337898254395e+00
5.135413408279418945e-01
1.920801550149917603e-01
4.857208728790283203e-01
-3.959484994411468506e-01
-1.232161402702331543e+00
-3.065850734710693359e+00
5.386027693748474121e-01
7.664428949356079102e-01
-1.317948102951049805e+00
1.256647467613220215e+00
-7.762542366981506348e-01
1.355927109718322754e+00
-4.430937394499778748e-02
1.176853775978088379e+00
6.983621716499328613e-01
-8.842627406120300293e-01
1.830532193183898926e+00
-1.484495550394058228e-01
1.078005552291870117e+00
7.936196327209472656e-01
-6.237186789512634277e-01
1.016988635063171387e+00
-3.077891469001770020e-01
-5.487674474716186523e-01
6.369904279708862305e-01
1.773678660392761230e-01
-7.323259115219116211e-01
5.945302844047546387e-01
1.109494119882583618e-01
3.602927029132843018e-01
1.624345898628234863e+00
-4.570659697055816650e-01
-1.230140089988708496e+00
-5.742364525794982910e-01
-7.579889297485351562e-01
-1.106476902961730957e+00
-7.400211095809936523e-01
3.224622726440429688e+00
-1.887218832969665527e+00
-5.439039468765258789e-01
1.969716846942901611e-01
1.856375485658645630e-01
2.332366228103637695e+00
1.120852157473564148e-01
7.459318041801452637e-01
-8.907887935638427734e-01
-9.557250738143920898e-01
-3.488606810569763184e-01
-4.158635139465332031e-01
9.125850200653076172e-01
-4.352123141288757324e-01
1.306143164634704590e+00
1.289209365844726562e+00
-4.294514060020446777e-01
-8.373531699180603027e-01
-1.144635558128356934e+00
1.514966487884521484e+00
