-2.749425470829010010e-01
3.775653541088104248e-01
-2.453385144472122192e-01
2.862011492252349854e-01
-5.763493776321411133e-01
-1.365575313568115234e+00
1.217466473579406738e+00
2.777795493602752686e-01
2.632225990295410156e+00
-9.866500496864318848e-01
1.028972268104553223e+00
4.789802432060241699e-01
1.584192395210266113e+00
4.390050172805786133e-01
4.593245685100555420e-01
-2.605851590633392334e-01
-1.089070677757263184e+00
7.824934124946594238e-01
-1.100561857223510742e+00
-1.757629066705703735e-01
2.203773498535156250e+00
-3.520625531673431396e-01
2.281586825847625732e-01
-5.399576574563980103e-02
-1.590267777442932129e+00
-7.177055478096008301e-01
6.926978379487991333e-02
-1.229811787605285645e+00
9.434619545936584473e-02
7.585070133209228516e-01
8.582440614700317383e-01
-3.058620452880859375e+00
-1.385733366012573242e+00
2.978218197822570801e-01
-1.621417701244354248e-01
-2.047177404165267944e-01
-5.984455943107604980e-01
-2.302954196929931641e+00
7.555910348892211914e-01
2.710947394371032715e-01
5.963035821914672852e-01
7.679958939552307129e-01
6.302274465560913086e-01
2.823108732700347900e-01
-2.001991271972656250e-01
1.185119509696960449e+00
-9.220765829086303711e-01
7.082532644271850586e-01
1.782100945711135864e-01
2.432724952697753906e+00
1.772518634796142578e+00
5.263980627059936523e-01
1.256132483482360840e+00
6.336751580238342285e-02
-1.020404100418090820e-01
1.356573224067687988e+00
-4.589975476264953613e-01
6.068660020828247070e-01
-7.382663488388061523e-01
1.824330091476440430e-01
4.957208633422851562e-01
-8.497653901576995850e-02
-1.213446259498596191e+00
1.436884641647338867e+00
2.225091606378555298e-01
-6.980012059211730957e-01
-1.111291527748107910e+00
1.243586897850036621e+00
1.799477934837341309e+00
1.062332749366760254e+00
5.197459459304809570e-01
2.667792737483978271e-01
1.606099724769592285e+00
-1.256508380174636841e-01
-9.199070930480957031e-01
-2.686873674392700195e+00
-9.071094989776611328e-01
-2.752006769180297852e+00
7.675454020500183105e-01
-1.312298417091369629e+00
2.944593191146850586e+00
-8.601016998291015625e-01
1.378914862871170044e-01
-4.550580680370330811e-01
5.978624224662780762e-01
-2.286190837621688843e-01
-2.864241898059844971e-01
-1.152111813426017761e-01
-6.971286237239837646e-02
5.149592161178588867e-01
-3.219863474369049072e-01
-3.539757728576660156e+00
-5.631955862045288086e-01
5.433239340782165527e-01
-3.024163246154785156e-01
-8.434669375419616699e-01
-2.650917768478393555e-01
1.239817857742309570e+00
7.097434401512145996e-01
1.492781877517700195e+00
-4.427726566791534424e-01
-2.239998877048492432e-01
1.491789698600769043e+00
7.403282523155212402e-01
1.669496178627014160e+00
-3.858258128166198730e-01
-4.910045564174652100e-01
-8.352917432785034180e-01
1.994432449340820312e+00
-1.782030820846557617e+00
-2.272957324981689453e+00
8.223091363906860352e-01
-3.650834262371063232e-01
-9.579916596412658691e-01
1.669559240341186523e+00
9.014624953269958496e-01
2.839034557342529297e+00
1.801815509796142578e+00
-2.370979309082031250e+00
-3.433502674102783203e+00
-5.252310633659362793e-01
4.859631359577178955e-01
-1.287380695343017578e+00
-1.491767644882202148e+00
-8.315219283103942871e-01
2.382920831441879272e-01
-2.536366701126098633e+00
-9.067053198814392090e-01
