6.908435821533203125e-01
-3.080477118492126465e-01
-3.184940516948699951e-01
-1.643887907266616821e-01
-2.243652582168579102e+00
9.859621524810791016e-01
1.949136972427368164e+00
9.657063484191894531e-01
3.613074719905853271e-01
-3.202082633972167969e+00
1.829621315002441406e+00
2.870821237564086914e+00
1.064535617828369141e+00
5.536662340164184570e-01
-3.692725300788879395e-01
-8.230237960815429688e-01
-8.649906516075134277e-01
-1.201248392462730408e-01
8.236352205276489258e-01
-1.499758839607238770e+00
-4.016242325305938721e-01
1.762932896614074707e+00
-1.991848796606063843e-01
3.085316121578216553e-01
-3.317587137222290039e+00
7.341979742050170898e-01
3.727481961250305176e-01
1.514804270118474960e-02
3.963335752487182617e-01
1.466057658195495605e+00
-3.126338124275207520e-02
-1.160254478454589844e+00
-4.151067435741424561e-01
-1.539730310440063477e+00
-2.119590528309345245e-02
-4.376750588417053223e-01
4.304215908050537109e-01
-3.150861263275146484e-01
-1.297553777694702148e-01
5.665206313133239746e-01
-1.516183137893676758e+00
1.747210860252380371e+00
9.397250413894653320e-01
1.079870462417602539e+00
-2.256522178649902344e-01
1.567111611366271973e+00
-2.432167053222656250e+00
-8.623307347297668457e-01
-5.487183332443237305e-01
-6.189708709716796875e-01
-2.885481417179107666e-01
9.597538113594055176e-01
-1.798660159111022949e-01
2.893956601619720459e-01
-6.717659831047058105e-01
1.221570491790771484e+00
-1.571963667869567871e+00
1.480169296264648438e+00
8.494966626167297363e-01
-3.013643026351928711e-01
1.481856703758239746e-01
1.298312187194824219e+00
-1.126389980316162109e+00
3.956714868545532227e-01
8.704902529716491699e-01
-8.326186537742614746e-01
-5.416527986526489258e-01
1.211436152458190918e+00
-5.427778959274291992e-01
1.901130557060241699e+00
3.086457252502441406e-01
-2.267081975936889648e+00
-1.274211853742599487e-01
1.411221027374267578e+00
8.482843041419982910e-01
-7.102862745523452759e-02
2.416858196258544922e+00
9.635037779808044434e-01
-1.201876774430274963e-01
-6.119299530982971191e-01
4.261971712112426758e-01
-1.641042232513427734e+00
-1.816497445106506348e+00
-1.200996059924364090e-02
-6.522964835166931152e-01
1.064378261566162109e+00
5.656606331467628479e-02
-8.076624870300292969e-01
4.462963640689849854e-01
-1.481095552444458008e-01
9.481672048568725586e-01
-4.362210333347320557e-01
-1.834567636251449585e-01
1.252610683441162109e+00
1.210099458694458008e+00
2.078339576721191406e+00
1.471815194236114621e-04
5.085248947143554688e-01
3.276106715202331543e-01
1.566025801002979279e-02
-3.732624948024749756e-01
9.271183013916015625e-01
-9.039549827575683594e-01
2.597486019134521484e+00
-4.195852875709533691e-01
-6.522226929664611816e-01
-2.198709011077880859e+00
-1.210413932800292969e+00
1.560318589210510254e+00
-1.721600413322448730e+00
-2.937703847885131836e+00
7.127559185028076172e-01
1.358916401863098145e+00
-1.207794785499572754e+00
5.574829578399658203e-01
-1.493720412254333496e+00
-9.170799851417541504e-01
4.853680729866027832e-01
-2.589272737503051758e+00
-5.762296915054321289e-01
1.139612317085266113e+00
-5.732133612036705017e-02
-1.714972019195556641e+00
-1.154283523559570312e+00
-1.028447031974792480e+00
7.953193783760070801e-01
-5.501797795295715332e-01
6.443985104560852051e-01
