7.747665643692016602e-01
3.645491302013397217e-01
7.290488481521606445e-01
-1.918724030256271362e-01
-5.147256851196289062e-01
7.145293951034545898e-01
-3.421067893505096436e-01
8.834490180015563965e-01
3.308758735656738281e-01
3.673896789550781250e-01
5.779536962509155273e-01
2.342352271080017090e-01
-6.270650029182434082e-01
-7.415056228637695312e-01
1.044582843780517578e+00
-8.155888915061950684e-01
-3.138412833213806152e-01
8.753170967102050781e-01
-1.154226779937744141e+00
-7.590551972389221191e-01
7.998676300048828125e-01
-1.544788837432861328e+00
9.573459029197692871e-01
-1.372363924980163574e+00
-9.588387012481689453e-01
8.351215720176696777e-02
1.720952868461608887e+00
-1.566334843635559082e+00
-2.312288880348205566e-01
1.991999745368957520e-01
5.030278563499450684e-01
3.357156515121459961e+00
-1.870764017105102539e+00
-6.906757354736328125e-01
-1.127669587731361389e-01
-3.725124001502990723e-01
-1.462501168251037598e+00
-2.032859086990356445e+00
-8.764242529869079590e-01
-2.000267505645751953e+00
-1.110545396804809570e+00
9.749421477317810059e-01
1.339032530784606934e+00
7.619962096214294434e-01
-8.495364785194396973e-01
1.105409979820251465e+00
1.343752145767211914e+00
1.482360601425170898e+00
-1.314697265625000000e+00
-2.198949903249740601e-01
3.778578341007232666e-01
-2.483183622360229492e+00
-1.830056011676788330e-01
-7.999106049537658691e-01
-1.303557455539703369e-01
6.434199959039688110e-02
1.546886682510375977e+00
5.456851720809936523e-01
1.915704369544982910e+00
2.855267822742462158e-01
-1.952583491802215576e-01
2.655847787857055664e+00
1.719482660293579102e+00
1.793948292732238770e+00
-5.089393854141235352e-01
7.045670747756958008e-01
-1.371898293495178223e+00
6.178307905793190002e-02
-1.385862588882446289e+00
-1.901380300521850586e+00
2.685385465621948242e+00
7.173197716474533081e-02
1.183410048484802246e+00
1.916762590408325195e-01
1.266389369964599609e+00
-1.919595837593078613e+00
-1.081313863396644592e-01
-1.212431550025939941e+00
-2.488752603530883789e-01
-2.145470142364501953e+00
-8.389772176742553711e-01
-8.915694952011108398e-01
-2.285757780075073242e+00
-4.488051682710647583e-02
3.250145912170410156e+00
-2.057151496410369873e-01
-1.153568983078002930e+00
1.046576261520385742e+00
-1.438209533691406250e+00
-1.760291494429111481e-02
3.803595542907714844e+00
-2.450990676879882812e+00
4.372668266296386719e-01
8.502333760261535645e-01
4.954141080379486084e-01
2.610398232936859131e-01
2.154715538024902344e+00
1.018182754516601562e+00
-8.656099438667297363e-02
1.780597865581512451e-01
-5.813408493995666504e-01
-3.193726241588592529e-01
-5.784122347831726074e-01
-1.734513789415359497e-01
1.988665819168090820e+00
1.636345386505126953e+00
-9.602192044258117676e-01
1.232987880706787109e+00
2.044176816940307617e+00
-8.443612456321716309e-01
1.070614218711853027e+00
-8.699250221252441406e-01
-1.867636203765869141e+00
-3.256930112838745117e+00
-3.128054440021514893e-01
-1.308535635471343994e-01
-1.315585523843765259e-01
3.954761624336242676e-01
-1.175561666488647461e+00
6.232822537422180176e-01
4.717716947197914124e-02
-5.395983457565307617e-01
-5.476380586624145508e-01
-2.084578514099121094e+00
6.737267971038818359e-02
-1.158324956893920898e+00
4.147234931588172913e-02
-4.304328858852386475e-01
