-6.608397513628005981e-02
-1.809194922447204590e+00
-4.679471850395202637e-01
3.502057120203971863e-02
1.281451880931854248e-01
-1.213909149169921875e+00
1.188303828239440918e+00
7.976547479629516602e-01
1.123894572257995605e+00
-4.627871811389923096e-01
7.830119729042053223e-01
9.395433068275451660e-01
-8.339827060699462891e-01
-5.496480464935302734e-01
5.232641696929931641e-01
-6.216117143630981445e-01
4.686299562454223633e-01
2.474588453769683838e-01
7.718074917793273926e-01
1.124673843383789062e+00
-2.299448251724243164e+00
5.810411572456359863e-01
1.614030361175537109e+00
1.133744597434997559e+00
-2.608813047409057617e+00
1.127505779266357422e+00
1.577720761299133301e+00
-6.689008474349975586e-01
-1.112388446927070618e-01
-1.332635283470153809e-01
-2.437266558408737183e-01
-7.616227865219116211e-01
-4.160582423210144043e-01
9.409682750701904297e-01
-2.274825096130371094e+00
1.543264150619506836e+00
1.858505010604858398e+00
-4.038205146789550781e+00
4.593123495578765869e-01
-1.241707801818847656e+00
-7.036878466606140137e-01
-2.426290810108184814e-01
1.872668981552124023e+00
4.332050085067749023e-01
-1.468984633684158325e-01
4.836326837539672852e-01
2.723347842693328857e-01
8.843120932579040527e-01
5.436865687370300293e-01
-3.032587766647338867e-01
-4.138326644897460938e-01
-1.794868230819702148e+00
9.389935135841369629e-01
-1.352891802787780762e+00
7.405176162719726562e-01
3.368547558784484863e-01
-1.467439681291580200e-01
1.470210075378417969e+00
1.623184204101562500e+00
-1.238574266433715820e+00
-6.075719594955444336e-01
-6.664407849311828613e-01
-8.203815817832946777e-01
4.805111140012741089e-02
1.160222530364990234e+00
-4.520839452743530273e-01
-1.150465160608291626e-01
-1.935582280158996582e+00
-2.928220331668853760e-01
-2.567494809627532959e-01
7.842363119125366211e-01
-3.255700170993804932e-01
6.448308825492858887e-01
2.741299867630004883e-01
-2.566403388977050781e+00
-1.259032130241394043e+00
-2.066383600234985352e+00
1.075139164924621582e+00
5.775849819183349609e-01
-3.712289035320281982e-01
3.387946635484695435e-02
-1.907922387123107910e+00
1.717988967895507812e+00
1.533093929290771484e+00
-6.493785381317138672e-01
1.841551423072814941e+00
1.577118992805480957e+00
7.464323937892913818e-02
1.315245747566223145e+00
1.749067306518554688e+00
-8.517950177192687988e-01
-7.472460865974426270e-01
-6.488738656044006348e-01
3.745975494384765625e-01
-4.667863547801971436e-01
1.714123725891113281e+00
-7.792143225669860840e-01
7.159484624862670898e-01
9.698542952537536621e-02
5.802140235900878906e-01
-6.198296546936035156e-01
-1.058464407920837402e+00
1.179775238037109375e+00
-2.579765319824218750e-01
1.569908380508422852e+00
9.756194800138473511e-02
-2.429814577102661133e+00
-1.247000455856323242e+00
1.857812523841857910e+00
-1.373987197875976562e+00
-6.874211430549621582e-01
-8.631503582000732422e-01
6.499166488647460938e-01
2.324947834014892578e+00
3.744929730892181396e-01
3.984891772270202637e-01
-8.853869438171386719e-01
-4.606072604656219482e-01
1.597261130809783936e-01
-1.102978348731994629e+00
-1.181497573852539062e+00
6.268963813781738281e-01
1.741872072219848633e+00
-1.018069386482238770e+00
-7.009770870208740234e-01
-1.525872588157653809e+00
-1.677480101585388184e+00
1.463012337684631348e+00
