5.647996068000793457e-01
-1.690284371376037598e+00
1.793340891599655151e-01
-2.785900831222534180e-01
1.413575172424316406e+00
-4.723736047744750977e-01
-7.750601172447204590e-01
-1.944707036018371582e+00
-9.027763605117797852e-01
-1.156805381178855896e-01
-1.243288740515708923e-01
-1.017814408987760544e-02
5.687280893325805664e-01
1.216861326247453690e-02
5.494191646575927734e-01
8.549830317497253418e-01
-7.434058785438537598e-01
4.947286546230316162e-01
-3.863802552223205566e-01
1.836283326148986816e+00
-1.629890054464340210e-01
4.153938293457031250e-01
8.685134649276733398e-01
1.634963512420654297e+00
-1.271267414093017578e+00
-2.696832716464996338e-01
-7.247191071510314941e-01
-1.153538942337036133e+00
8.535884618759155273e-01
1.185217380523681641e+00
4.676325917243957520e-01
2.144224166870117188e+00
-1.309644579887390137e+00
-9.121310114860534668e-01
9.395931661128997803e-02
-2.343049943447113037e-01
-6.762493848800659180e-01
4.667888283729553223e-01
-3.549200594425201416e-01
-9.419827163219451904e-02
3.243177235126495361e-01
-1.697014927864074707e+00
1.611833095550537109e+00
8.625692725181579590e-01
2.928291857242584229e-01
-2.193911314010620117e+00
-3.888251259922981262e-03
1.681496351957321167e-01
7.958871126174926758e-01
1.083475500345230103e-01
-7.015734910964965820e-01
-1.381154656410217285e+00
2.582593917846679688e+00
5.883210897445678711e-01
-1.429032921791076660e+00
-8.372225165367126465e-01
6.351653337478637695e-01
-7.681040763854980469e-01
1.644030213356018066e+00
3.436405420303344727e+00
-2.208147048950195312e+00
-1.551849842071533203e+00
7.092161178588867188e-01
-1.075933966785669327e-02
6.657010912895202637e-01
-8.594468235969543457e-01
-1.534527540206909180e+00
-4.627288877964019775e-01
-6.881147623062133789e-01
-1.012478709220886230e+00
7.615661025047302246e-01
2.019392013549804688e+00
4.653396606445312500e-01
9.619540572166442871e-01
-5.798937678337097168e-01
-1.045113682746887207e+00
-6.707263588905334473e-01
1.058954954147338867e+00
-1.295808196067810059e+00
-9.517421722412109375e-01
4.209799766540527344e-01
-1.779940426349639893e-01
6.158777326345443726e-02
1.479246377944946289e+00
1.834764361381530762e+00
-5.438323616981506348e-01
1.523800939321517944e-01
-5.582700967788696289e-01
7.021951675415039062e-01
-2.050144672393798828e+00
4.294849932193756104e-01
4.215777516365051270e-01
-3.850317895412445068e-01
2.076693773269653320e+00
3.040612697601318359e+00
4.758675396442413330e-02
1.062374189496040344e-01
-7.888197302818298340e-01
1.246270895004272461e+00
1.275802016258239746e+00
-9.695315361022949219e-01
1.008931636810302734e+00
-5.024740099906921387e-02
-1.310177803039550781e+00
-2.101881206035614014e-01
-1.788322448730468750e+00
1.808667778968811035e+00
-2.154226541519165039e+00
1.293092966079711914e-01
-2.907547712326049805e+00
3.169125020503997803e-01
-8.555107712745666504e-01
1.177320107817649841e-01
1.229464650154113770e+00
1.145798489451408386e-01
-1.606105804443359375e+00
-4.218029379844665527e-01
3.385561704635620117e-01
8.539934754371643066e-01
3.075947426259517670e-02
7.069675326347351074e-01
1.156527519226074219e+00
-4.778048396110534668e-01
-9.597204327583312988e-01
-1.018286705017089844e+00
-1.920498967170715332e+00
-4.948557019233703613e-01
-4.373786151409149170e-01
