7.310956120491027832e-01
-2.752810344099998474e-02
-8.576979637145996094e+00
1.339423358440399170e-01
-2.533016502857208252e-01
-5.059892684221267700e-02
-1.418105959892272949e-01
7.578270435333251953e-01
7.988064885139465332e-01
-4.422882199287414551e-01
6.519756466150283813e-02
5.217193365097045898e-01
-1.871090084314346313e-01
9.065258502960205078e-01
-4.409025907516479492e-01
9.470173120498657227e-01
9.062756896018981934e-01
2.161125689744949341e-01
1.583152711391448975e-01
-6.122602820396423340e-01
2.465100735425949097e-01
1.559549272060394287e-01
3.374651193618774414e+00
-2.884368300437927246e-01
-9.593831896781921387e-01
2.873133122920989990e-02
-1.586441248655319214e-01
-5.400919914245605469e-01
-8.004615306854248047e-01
-9.370778501033782959e-02
2.457722723484039307e-01
1.973942071199417114e-01
-5.306009292602539062e+00
8.610934950411319733e-03
-5.856697913259267807e-03
3.663610517978668213e-01
-1.370674222707748413e-01
7.575350403785705566e-01
1.271191090345382690e-01
-3.542970418930053711e-01
-8.934287726879119873e-02
2.253221571445465088e-01
1.196800708770751953e+00
4.132367372512817383e-01
-5.466682314872741699e-01
6.395584940910339355e-01
4.595570862293243408e-01
5.816204939037561417e-03
-3.220709860324859619e-01
1.405506134033203125e-01
8.342400193214416504e-01
-3.248910605907440186e-01
-7.358481884002685547e-01
1.113471031188964844e+00
1.516062915325164795e-01
7.134594321250915527e-01
-3.186536729335784912e-01
1.159830093383789062e-01
7.442294061183929443e-02
-5.157884359359741211e-01
-7.126505374908447266e-01
2.228495329618453979e-01
4.402374029159545898e-01
1.005681991577148438e+00
6.182598471641540527e-01
-4.309343695640563965e-01
-1.596066951751708984e-01
3.982493281364440918e-01
3.646495640277862549e-01
-5.220930576324462891e-01
-3.037423267960548401e-02
-6.038574611011426896e-06
4.561260938644409180e-01
9.924875497817993164e-01
9.413726329803466797e-01
-6.205013394355773926e-01
8.306659758090972900e-02
6.143687367439270020e-01
-1.279448509216308594e+00
-1.545742988586425781e+00
-2.140901386737823486e-01
-2.837959527969360352e-01
1.039706587791442871e+00
2.004429697990417480e-02
-4.970079362392425537e-01
-1.063991151750087738e-02
8.450570106506347656e-01
-2.444639056921005249e-01
-3.137957453727722168e-01
6.456165909767150879e-01
-1.226185560226440430e+00
-6.084677577018737793e-01
3.745373487472534180e-01
3.922032564878463745e-02
-5.340219140052795410e-01
-5.611388087272644043e-01
2.967788279056549072e-01
1.040993332862854004e+00
-3.999318182468414307e-01
-1.143006831407546997e-01
-3.887413740158081055e-01
3.391325101256370544e-02
2.220428548753261566e-03
1.164095878601074219e+00
-3.650687634944915771e-01
1.287210822105407715e+00
1.054792046546936035e+00
-5.969528555870056152e-01
-6.702619791030883789e-01
3.290327489376068115e-01
9.042758345603942871e-01
-4.188135564327239990e-01
-9.216194152832031250e-01
-1.101334616541862488e-01
1.372970640659332275e-01
-3.904717862606048584e-01
4.048722386360168457e-01
2.435303628444671631e-01
-3.257880210876464844e-01
1.320474445819854736e-01
-2.303988635540008545e-01
-9.546501040458679199e-01
-3.119636178016662598e-01
1.281135439872741699e+00
-1.810960620641708374e-01
1.327300429344177246e+00
1.578633934259414673e-01
-1.397651135921478271e-01
