-4.041930437088012695e-01
-1.271440863609313965e+00
-6.076611280441284180e-01
2.208863496780395508e-01
1.034579277038574219e+00
4.803839623928070068e-01
9.764772653579711914e-01
4.986805617809295654e-01
-9.357394576072692871e-01
7.757627367973327637e-01
3.500302135944366455e-01
6.970502138137817383e-01
-1.690436601638793945e-01
-5.324997901916503906e-01
3.257218599319458008e-01
1.589816212654113770e+00
9.919964075088500977e-01
2.016737937927246094e+00
2.424868196249008179e-01
1.757742643356323242e+00
-1.645720839500427246e+00
-8.128263950347900391e-01
1.927254557609558105e+00
9.161645174026489258e-01
1.247808456420898438e+00
-1.019605755805969238e+00
1.518993496894836426e+00
-2.661283254623413086e+00
-1.111989736557006836e+00
2.364009857177734375e+00
6.426978707313537598e-01
5.081377625465393066e-01
-1.061239391565322876e-01
1.704620271921157837e-01
-4.341070353984832764e-01
7.488306164741516113e-01
-1.075302064418792725e-01
-1.043011471629142761e-01
-1.404806733131408691e+00
2.730691432952880859e-01
7.022827267646789551e-01
-8.617226481437683105e-01
1.297291636466979980e+00
-3.136871755123138428e-02
1.322259306907653809e+00
-5.029337406158447266e-01
-1.542157411575317383e+00
-9.131497144699096680e-01
1.792223930358886719e+00
6.181762218475341797e-01
4.512471258640289307e-01
-1.384851455688476562e+00
1.728799007833003998e-02
-1.244820356369018555e+00
8.296175301074981689e-02
-2.323403954505920410e-01
-2.776392996311187744e-01
1.834507286548614502e-01
-2.232278883457183838e-01
1.809427738189697266e+00
-6.792947053909301758e-01
1.824357986450195312e+00
9.722715616226196289e-01
-9.807229042053222656e-01
-1.689758181571960449e+00
-1.304060816764831543e+00
-6.040708422660827637e-01
1.938671588897705078e+00
-2.217339724302291870e-01
1.080725431442260742e+00
2.043597698211669922e+00
-7.511114478111267090e-01
1.452735304832458496e+00
1.590933918952941895e+00
2.272057905793190002e-02
-2.180391550064086914e+00
-1.030326485633850098e+00
-1.769910693168640137e+00
7.584218382835388184e-01
1.540311217308044434e+00
8.488285541534423828e-01
-2.032059580087661743e-01
-1.021649360656738281e+00
-8.276530504226684570e-01
1.540483832359313965e+00
-2.701802492141723633e+00
-3.982623517513275146e-01
-9.991019368171691895e-01
6.749774217605590820e-01
7.692027091979980469e-01
1.330805540084838867e+00
-1.347686648368835449e+00
4.920552968978881836e-01
-8.360531330108642578e-01
2.965264394879341125e-02
-1.054578572511672974e-01
-1.577626317739486694e-01
-1.369366645812988281e+00
-1.617541193962097168e+00
-1.519966244697570801e+00
-3.261400759220123291e-01
-1.012362763285636902e-01
-3.180772662162780762e-01
3.396208286285400391e-01
5.771059393882751465e-01
-5.472827553749084473e-01
1.506750583648681641e+00
2.769587934017181396e-01
3.246408402919769287e-01
4.018273055553436279e-01
4.049193561077117920e-01
4.212321043014526367e-01
-1.382923245429992676e+00
-7.544332742691040039e-02
-2.053148746490478516e+00
-2.456479549407958984e+00
1.207491755485534668e+00
-9.715616106986999512e-01
-8.742536306381225586e-01
-7.342129349708557129e-01
-1.407961130142211914e+00
-1.127792000770568848e+00
1.317613124847412109e+00
-1.479974150657653809e+00
-1.057173371315002441e+00
5.963225364685058594e-01
-9.993932396173477173e-02
-1.667015552520751953e-01
