-1.431082487106323242e+00
4.479894638061523438e-01
-1.306486874818801880e-01
-1.049472928047180176e+00
-4.444440007209777832e-01
1.464737534523010254e+00
-6.109202504158020020e-01
5.063151717185974121e-01
-1.691710472106933594e+00
-2.851931452751159668e-01
-5.139473080635070801e-01
-2.552887797355651855e-02
-1.491656184196472168e+00
-9.455611109733581543e-01
1.033670783042907715e+00
-1.562442183494567871e+00
-3.645871877670288086e-01
6.305873990058898926e-01
1.038263067603111267e-01
-7.221424579620361328e-02
-3.381178677082061768e-01
-7.194542884826660156e-02
-8.411214500665664673e-02
2.075048685073852539e+00
-1.317030549049377441e+00
3.872161358594894409e-02
-1.390457272529602051e+00
6.993719339370727539e-01
1.677041172981262207e+00
1.192172288894653320e+00
-6.022629141807556152e-01
2.599306106567382812e+00
4.418173730373382568e-01
1.511621117591857910e+00
-9.998314082622528076e-02
4.565558731555938721e-01
5.727351307868957520e-01
6.838912963867187500e-01
1.712839603424072266e+00
2.854982316493988037e-01
2.394586324691772461e+00
2.868807911872863770e-01
2.523409366607666016e+00
7.947737574577331543e-01
-9.993025064468383789e-01
-1.309614539146423340e+00
-8.950415849685668945e-01
-5.566186308860778809e-01
-9.918999858200550079e-03
-1.448689579963684082e+00
-4.594541192054748535e-01
-3.026879131793975830e-01
-8.738678693771362305e-02
1.012841701507568359e+00
-6.265919208526611328e-01
3.229397773742675781e+00
4.215393066406250000e-01
7.439899444580078125e-01
-1.602014422416687012e+00
5.707023143768310547e-01
-7.278771400451660156e-01
-3.227775543928146362e-02
-5.533569455146789551e-01
1.489723175764083862e-01
-5.812753438949584961e-01
-2.796269178390502930e+00
6.722355484962463379e-01
-4.915062785148620605e-01
1.402646660804748535e+00
-2.437958568334579468e-01
1.005719900131225586e-01
1.095857501029968262e+00
5.674648284912109375e-01
5.348941087722778320e-01
9.853362292051315308e-02
-1.272901296615600586e+00
3.533200919628143311e-01
-1.785966873168945312e+00
-2.401108264923095703e+00
-8.554334640502929688e-01
2.739847898483276367e-01
-1.828903675079345703e+00
1.569310784339904785e+00
-4.759801626205444336e-01
1.350738763809204102e+00
-8.373936414718627930e-01
-4.470639526844024658e-01
-5.348519682884216309e-01
-8.962160944938659668e-01
-1.259416043758392334e-01
-4.773598611354827881e-01
1.202052012085914612e-01
-1.702952265739440918e+00
4.372435212135314941e-01
4.476273655891418457e-01
-5.487191677093505859e-01
-3.742052316665649414e-01
5.669350028038024902e-01
1.552758693695068359e+00
9.034325480461120605e-01
-1.594821095466613770e+00
7.915173768997192383e-01
-4.096649885177612305e-01
7.569216489791870117e-01
-3.155695915222167969e+00
4.439036250114440918e-01
-1.301183947362005711e-03
-9.473208189010620117e-01
1.101439073681831360e-01
-1.216632485389709473e+00
-2.121388614177703857e-01
-2.552908957004547119e-01
5.503786206245422363e-01
8.345142602920532227e-01
3.716144084930419922e+00
1.776280254125595093e-01
-2.363316267728805542e-01
-1.270657896995544434e+00
-1.137791395187377930e+00
3.488143682479858398e+00
5.284852981567382812e-01
-8.034166097640991211e-01
-1.479646921157836914e+00
-3.842393159866333008e-01
-7.821762561798095703e-01
1.059572100639343262e+00
-1.352638363838195801e+00
-9.107773900032043457e-01
