-3.476111412048339844e+00
2.738920450210571289e-01
-1.690654605627059937e-01
3.075805306434631348e-01
-9.418390393257141113e-01
9.122195243835449219e-01
1.809993833303451538e-01
-4.501229226589202881e-01
8.862460851669311523e-01
-1.692078232765197754e+00
8.170489072799682617e-01
-7.782900929450988770e-01
-8.265715837478637695e-01
-3.037776947021484375e-01
-3.383953571319580078e-01
-1.003269314765930176e+00
8.951936960220336914e-01
2.162497758865356445e+00
-7.441409826278686523e-01
7.193503379821777344e-01
6.786621212959289551e-01
4.786002635955810547e-01
1.058327913284301758e+00
8.147345185279846191e-01
2.086082994937896729e-01
2.295166812837123871e-02
1.176006674766540527e+00
-9.121981859207153320e-01
4.067088961601257324e-01
2.453086853027343750e+00
3.630309700965881348e-01
8.132082819938659668e-01
4.047009348869323730e-01
-1.291586279869079590e+00
-1.881699711084365845e-01
2.671142101287841797e+00
8.083480596542358398e-02
-2.963116168975830078e+00
4.753505587577819824e-01
-2.428697422146797180e-02
4.974543154239654541e-01
8.634547591209411621e-01
1.210168719291687012e+00
8.662778735160827637e-01
-8.656588792800903320e-01
5.984497070312500000e-01
-1.471766114234924316e+00
-4.958019852638244629e-01
4.568810015916824341e-02
-3.785862624645233154e-01
-5.116528868675231934e-01
-3.932957947254180908e-01
-2.337474107742309570e+00
-2.388310059905052185e-02
-1.089065909385681152e+00
-3.174787759780883789e-01
3.934360146522521973e-01
9.984780848026275635e-02
-1.531655192375183105e+00
9.133966565132141113e-01
-1.336825251579284668e+00
-2.737788669764995575e-02
-1.529782533645629883e+00
4.214296638965606689e-01
1.001302480697631836e+00
-3.184162676334381104e-01
2.236933946609497070e+00
-2.181952632963657379e-02
-1.503698229789733887e+00
1.278650522232055664e+00
-4.294139742851257324e-01
-2.027088165283203125e+00
9.494632482528686523e-01
5.776575803756713867e-01
-2.334721088409423828e+00
-2.410136908292770386e-02
6.563517451286315918e-01
-4.342968761920928955e-01
6.239310652017593384e-02
-9.780787825584411621e-01
3.182567358016967773e-01
-1.559106111526489258e+00
6.960278153419494629e-01
1.811778396368026733e-01
5.538471937179565430e-01
2.449454307556152344e+00
2.160087347030639648e+00
-1.291547179222106934e+00
1.064201712608337402e+00
-3.277221620082855225e-01
-1.868934631347656250e+00
-2.048129558563232422e+00
-9.221492409706115723e-01
5.575371384620666504e-01
-1.025102257728576660e+00
1.284167051315307617e+00
6.807978749275207520e-01
-1.417991042137145996e+00
-1.004111692309379578e-01
1.787174224853515625e+00
-1.329362988471984863e+00
2.217552959918975830e-01
-6.955088376998901367e-01
-1.609476953744888306e-01
2.025302171707153320e+00
1.656349778175354004e+00
5.916035771369934082e-01
-1.407546997070312500e+00
1.154535889625549316e+00
-1.148917794227600098e+00
-1.313574910163879395e+00
1.395850419998168945e+00
-1.129294633865356445e+00
9.899304509162902832e-01
-3.060668230056762695e+00
1.053289532661437988e+00
-2.597198188304901123e-01
-5.552015304565429688e-01
-3.574191629886627197e-01
2.147535324096679688e+00
-8.635811507701873779e-02
1.499664783477783203e+00
1.640662074089050293e+00
9.754723310470581055e-02
-8.765347003936767578e-01
-2.821546077728271484e+00
9.883061647415161133e-01
3.870488703250885010e-01
