5.192959215492010117e-03
-1.091357469558715820e+00
-7.357146739959716797e-01
-3.097183465957641602e+00
1.048936247825622559e+00
2.446002066135406494e-01
2.639703035354614258e+00
-5.076688528060913086e-01
1.243939518928527832e+00
-1.660050868988037109e+00
-1.234224557876586914e+00
-1.254490971565246582e+00
2.214191257953643799e-01
-2.219936065375804901e-02
-6.469020247459411621e-01
1.699620246887207031e+00
2.223095446825027466e-01
-4.790095984935760498e-01
-1.486726760864257812e+00
1.892716646194458008e+00
-4.575186371803283691e-01
1.651197671890258789e-01
-6.386976242065429688e-01
2.307879686355590820e+00
-4.951017796993255615e-01
-9.651637673377990723e-01
6.136261224746704102e-01
4.755388498306274414e-01
-5.377267003059387207e-01
6.147031188011169434e-01
-8.633241057395935059e-02
-1.800425887107849121e+00
2.905564308166503906e-01
9.164377450942993164e-01
7.306689620018005371e-01
-3.093186207115650177e-02
-1.808366924524307251e-01
7.896482566138729453e-05
-5.032275244593620300e-02
-2.627287805080413818e-01
7.387043833732604980e-01
1.849800348281860352e+00
1.109848856925964355e+00
2.169821709394454956e-01
-3.328621089458465576e-01
-3.178096771240234375e+00
6.619302630424499512e-01
2.663875579833984375e+00
-9.910387545824050903e-02
1.511841177940368652e+00
1.443869471549987793e+00
-1.664278507232666016e+00
-2.365384399890899658e-01
3.050276041030883789e-01
1.233236908912658691e+00
-1.690371870994567871e+00
6.351847648620605469e-01
2.611714005470275879e-01
-5.975240468978881836e-01
1.333219289779663086e+00
-5.119860768318176270e-01
-1.010127425193786621e+00
1.033148050308227539e+00
1.796283245086669922e+00
1.254413723945617676e+00
4.250040054321289062e-01
6.726763844490051270e-01
1.046353578567504883e+00
-7.028623819351196289e-01
-5.289247035980224609e-01
-1.736683072522282600e-03
-1.996375471353530884e-01
-1.274900197982788086e+00
-7.053030133247375488e-01
-8.481723070144653320e-01
-1.018556594848632812e+00
-7.443007230758666992e-01
5.062530636787414551e-01
-8.220513164997100830e-02
-3.470533609390258789e+00
-5.250570178031921387e-01
-3.259042203426361084e-01
-1.398390531539916992e-01
-7.966234087944030762e-01
3.437139034271240234e+00
6.115373373031616211e-01
1.310160104185342789e-02
1.972290277481079102e+00
-1.729233264923095703e-01
-2.074666500091552734e+00
-2.215118333697319031e-02
-1.364735841751098633e+00
-1.843451738357543945e+00
-5.903710722923278809e-01
8.951591849327087402e-01
4.372404888272285461e-02
7.407315969467163086e-01
2.096020430326461792e-01
6.562021374702453613e-01
1.450737118721008301e+00
7.613669633865356445e-01
2.263040244579315186e-01
-1.543968677520751953e+00
1.388442635536193848e+00
1.188995242118835449e+00
-3.017587065696716309e-01
-1.669705808162689209e-01
2.289529442787170410e-01
1.724594831466674805e+00
-2.778136253356933594e+00
7.166571617126464844e-01
-2.406487226486206055e+00
-7.890323996543884277e-01
8.886454254388809204e-02
1.751148700714111328e+00
1.974909901618957520e+00
-8.344669938087463379e-01
-1.408027052879333496e+00
-1.072333455085754395e+00
1.836101293563842773e+00
2.468204498291015625e+00
-1.283743977546691895e+00
-6.146903634071350098e-01
-1.505822420120239258e+00
9.871006757020950317e-02
-2.381240367889404297e+00
5.476282238960266113e-01
-3.776887655258178711e-01
