2.064940929412841797e+00
3.741954267024993896e-01
-1.150778770446777344e+00
-6.466286778450012207e-01
2.078857898712158203e+00
-1.451360940933227539e+00
-9.899907112121582031e-01
-8.960854411125183105e-01
2.787810266017913818e-01
1.700550764799118042e-01
1.355548381805419922e+00
-1.948016881942749023e+00
-5.137310624122619629e-01
3.509046509861946106e-02
5.700710415840148926e-01
-1.120573163032531738e+00
2.935232222080230713e-01
1.309122920036315918e+00
2.979923486709594727e-01
1.202065706253051758e+00
-4.022117555141448975e-01
-8.492614030838012695e-01
-8.246008753776550293e-01
6.652047485113143921e-02
-5.038629174232482910e-01
-6.160982251167297363e-01
2.529985666275024414e+00
7.587261795997619629e-01
2.346774816513061523e+00
-8.032304048538208008e-01
-2.753398716449737549e-01
8.026767373085021973e-01
4.359631240367889404e-01
-4.964295625686645508e-01
-3.494776189327239990e-01
1.049550056457519531e+00
-4.005702137947082520e-01
-1.370190382003784180e+00
1.589607834815979004e+00
-9.583653211593627930e-01
-6.233440637588500977e-01
1.205763578414916992e+00
-3.202241957187652588e-01
5.982049927115440369e-02
-4.888213872909545898e-01
2.266095161437988281e+00
1.748684048652648926e+00
-3.882184922695159912e-01
-1.140103697776794434e+00
2.472873628139495850e-01
3.081984817981719971e-01
-1.964264154434204102e+00
-4.697544276714324951e-01
1.263867020606994629e+00
6.003196835517883301e-01
-1.295162439346313477e+00
1.777710318565368652e+00
1.730566143989562988e+00
1.545702576637268066e+00
1.516453921794891357e-01
-7.683078646659851074e-01
-5.571824908256530762e-01
1.403976529836654663e-01
2.066529035568237305e+00
1.495181918144226074e+00
-1.813578605651855469e-01
2.977011919021606445e+00
-5.983293056488037109e-01
6.808800697326660156e-01
6.784200072288513184e-01
9.666138291358947754e-01
-1.999818086624145508e+00
1.771927595138549805e+00
1.053498268127441406e+00
6.191810965538024902e-02
-1.027544975280761719e+00
1.088614940643310547e+00
-6.827629208564758301e-01
3.206295669078826904e-01
-2.404830217361450195e+00
4.983021318912506104e-01
-2.373010873794555664e+00
-6.262801885604858398e-01
-4.504286348819732666e-01
9.748552441596984863e-01
-2.529479980468750000e+00
-1.192918896675109863e+00
8.153980374336242676e-01
3.929619789123535156e-01
-5.704820156097412109e-01
2.991931915283203125e+00
-4.263212203979492188e+00
-2.609481811523437500e-01
6.745477318763732910e-01
1.698265194892883301e+00
-1.749628901481628418e+00
1.196208953857421875e+00
1.228842139244079590e+00
-1.409374326467514038e-01
3.471161425113677979e-01
2.121744155883789062e-01
-1.028515815734863281e+00
-1.894469857215881348e-01
-3.826892748475074768e-02
5.831365585327148438e-01
-4.912450909614562988e-01
7.041385024785995483e-02
-2.200995206832885742e+00
-4.036342501640319824e-01
-3.431248366832733154e-01
1.419688224792480469e+00
1.686965465545654297e+00
-1.122919321060180664e+00
-2.321692705154418945e+00
-1.557844400405883789e+00
-9.878417253494262695e-01
1.197710275650024414e+00
2.279410362243652344e+00
-2.688435554504394531e+00
-3.302375078201293945e-01
-1.496820594184100628e-03
-8.328776955604553223e-01
-1.069323182106018066e+00
-1.968650817871093750e+00
-7.535240054130554199e-02
-1.145875692367553711e+00
-1.688560694456100464e-01
-4.437577128410339355e-01
