-2.030586242675781250e+00
-3.791966736316680908e-01
5.998873710632324219e-01
6.647782921791076660e-01
-5.183774232864379883e-01
5.395948290824890137e-01
4.783758819103240967e-01
2.688291370868682861e-01
-6.178252100944519043e-01
-9.854981303215026855e-01
6.367802619934082031e-01
7.258264422416687012e-01
2.306613445281982422e+00
6.197131276130676270e-01
3.946169614791870117e-01
-5.299347639083862305e-01
-4.301661550998687744e-01
9.024128317832946777e-01
1.795904755592346191e+00
6.237695217132568359e-01
-2.178799629211425781e+00
-2.469012886285781860e-01
6.871376633644104004e-01
-1.926308274269104004e-01
-3.474730253219604492e+00
2.638489305973052979e-01
1.535475134849548340e+00
7.798357605934143066e-01
1.003168597817420959e-01
-3.626893460750579834e-02
-1.383377313613891602e-01
-1.908677935600280762e+00
-2.305879592895507812e+00
1.358586311340332031e+00
-7.623500227928161621e-01
1.748467445373535156e+00
-3.056848943233489990e-01
-3.437862992286682129e-01
-2.164366483688354492e+00
3.617403805255889893e-01
-8.436655402183532715e-01
1.481578826904296875e+00
1.762404918670654297e+00
2.596553862094879150e-01
-1.707221627235412598e+00
2.040962219238281250e+00
-1.471427321434020996e+00
1.352542042732238770e+00
9.895232915878295898e-01
5.385729074478149414e-01
5.204924345016479492e-01
-2.021464586257934570e+00
3.265129327774047852e-01
-1.357526183128356934e+00
-1.383439183235168457e+00
1.073807239532470703e+00
4.527027904987335205e-01
-8.759114891290664673e-02
-8.287597298622131348e-01
-3.935054242610931396e-01
-2.068763822317123413e-01
1.487070798873901367e+00
-1.602768301963806152e+00
-1.527915716171264648e+00
8.997043371200561523e-01
-7.031397223472595215e-01
6.875042915344238281e-01
1.018977999687194824e+00
3.148810863494873047e-01
1.082803964614868164e+00
1.158354952931404114e-01
-3.478272855281829834e-01
7.668300867080688477e-01
7.987705469131469727e-01
-9.857521653175354004e-01
-9.240837693214416504e-01
-1.973736286163330078e+00
-2.394330129027366638e-02
9.914432764053344727e-01
-3.985361754894256592e-01
-1.560213685035705566e+00
-1.249314188957214355e+00
2.629557371139526367e+00
2.469685822725296021e-01
1.202512025833129883e+00
-4.385096430778503418e-01
-7.569676041603088379e-01
-2.986476898193359375e+00
6.802567243576049805e-01
8.322980403900146484e-01
2.775747537612915039e+00
1.444593429565429688e+00
6.282596290111541748e-02
-4.969440773129463196e-02
8.037296533584594727e-01
3.589936494827270508e+00
-2.419815585017204285e-02
-3.297771811485290527e-01
-5.151452422142028809e-01
1.525001168251037598e+00
-2.489421129226684570e+00
-8.450084924697875977e-01
4.049516320228576660e-01
1.970283865928649902e+00
-9.208565354347229004e-01
-1.412835359573364258e+00
1.420612186193466187e-01
-1.090857863426208496e+00
5.898337960243225098e-01
4.559830576181411743e-02
2.540110647678375244e-01
5.016774535179138184e-01
7.384812831878662109e-01
4.446329176425933838e-01
4.530995711684226990e-02
-1.382888793945312500e+00
7.835335731506347656e-01
-8.615165352821350098e-01
-1.347403600811958313e-02
4.211301803588867188e-01
-1.486675739288330078e+00
-4.513846635818481445e-01
7.798971533775329590e-01
-1.492989182472229004e+00
-8.554829955101013184e-01
-1.478471398353576660e+00
4.007719457149505615e-01
-1.052885532379150391e+00
