-1.627428650856018066e+00
5.507566332817077637e-01
-9.064816683530807495e-02
-9.755214452743530273e-01
-1.482092261314392090e+00
2.105330705642700195e+00
-5.989312753081321716e-02
8.610236048698425293e-01
-1.944871395826339722e-01
-1.030947208404541016e+00
4.436403512954711914e-01
-1.350499749183654785e+00
-1.162550806999206543e+00
-3.685095906257629395e-01
1.495887637138366699e+00
-1.430172801017761230e+00
-5.911402702331542969e-01
6.772668957710266113e-01
9.026791155338287354e-02
1.292635202407836914e+00
-4.941224753856658936e-01
-2.744064331054687500e-01
9.670380502939224243e-02
1.623344182968139648e+00
-1.566336631774902344e+00
-3.397574722766876221e-01
-6.385936737060546875e-01
9.589456319808959961e-01
1.225746393203735352e+00
1.843571066856384277e+00
-8.227185010910034180e-01
2.362374305725097656e+00
2.272089123725891113e-01
4.245801866054534912e-01
-7.971312999725341797e-01
-6.989444047212600708e-02
-6.830112636089324951e-02
-2.144530117511749268e-01
1.363939285278320312e+00
-4.249640405178070068e-01
7.962742447853088379e-01
4.835658073425292969e-01
2.454659938812255859e+00
1.530792236328125000e+00
-8.686328679323196411e-02
4.063976109027862549e-01
-8.287482857704162598e-01
2.275343984365463257e-01
-3.272346258163452148e-01
-1.210112214088439941e+00
-6.779955625534057617e-01
-9.043281078338623047e-01
4.635858833789825439e-01
4.980044662952423096e-01
-7.883098125457763672e-01
1.382162332534790039e+00
1.002820849418640137e+00
1.020624995231628418e+00
-1.127608418464660645e+00
1.342395544052124023e+00
-4.384025931358337402e-01
-5.745236948132514954e-02
-5.836598873138427734e-01
1.124025821685791016e+00
5.730979442596435547e-01
-2.663960456848144531e+00
9.744715690612792969e-01
-1.236111998558044434e+00
1.348575353622436523e+00
2.655004560947418213e-01
2.480974644422531128e-01
7.658111453056335449e-01
1.687779188156127930e+00
5.916683673858642578e-01
8.449225425720214844e-01
-2.388998031616210938e+00
3.322255909442901611e-01
-3.169705152511596680e+00
-1.704791426658630371e+00
-5.494017004966735840e-01
3.428751230239868164e-01
-2.950098276138305664e+00
1.370321363210678101e-01
-5.235987305641174316e-01
3.765076100826263428e-01
-1.905244469642639160e+00
-3.197620511054992676e-01
-8.795221447944641113e-01
-5.703010559082031250e-01
5.086100697517395020e-01
-5.599171519279479980e-01
-9.577461481094360352e-01
-1.480776190757751465e+00
3.715077936649322510e-01
1.346562623977661133e+00
2.291459962725639343e-02
-3.374986052513122559e-01
1.402660369873046875e+00
6.671798825263977051e-01
2.165175676345825195e+00
-2.320451736450195312e+00
2.538571953773498535e-01
1.608523279428482056e-01
8.280578255653381348e-01
-1.398252010345458984e+00
7.390506267547607422e-01
8.035516738891601562e-01
-2.486582547426223755e-01
9.574673324823379517e-02
-3.766262205317616463e-03
-6.841009855270385742e-01
8.520725369453430176e-01
-9.731298685073852539e-02
-8.882784098386764526e-02
3.824774026870727539e+00
2.762820720672607422e-01
2.532739043235778809e-01
-3.476235568523406982e-01
-7.136604785919189453e-01
1.672297596931457520e+00
-4.964190721511840820e-01
-1.240774989128112793e+00
-1.938486218452453613e+00
-1.794390439987182617e+00
-1.021793842315673828e+00
2.768071889877319336e-01
-8.265169262886047363e-01
-2.708413600921630859e-01
