1.268635690212249756e-01
1.023426726460456848e-01
-7.619208097457885742e-01
1.096302568912506104e-01
7.194837927818298340e-01
-1.101025700569152832e+00
-1.659522294998168945e+00
5.721757411956787109e-01
-3.313568234443664551e-01
-1.151959776878356934e+00
2.848364591598510742e+00
1.156962037086486816e+00
4.988074898719787598e-01
-5.413335561752319336e-01
1.077906370162963867e+00
-8.964767456054687500e-01
-3.190891444683074951e-01
2.167285919189453125e+00
1.381474137306213379e+00
1.011386394500732422e+00
-5.895207524299621582e-01
-1.394725561141967773e+00
1.786715269088745117e+00
9.407971501350402832e-01
-8.835811913013458252e-02
-3.757126033306121826e-01
-3.193789422512054443e-01
-3.316500186920166016e-01
-3.296819329261779785e-01
-7.190613150596618652e-01
-1.587052464485168457e+00
-2.643613338470458984e+00
-1.718720078468322754e+00
1.761891722679138184e+00
-1.518462419509887695e+00
-1.872154027223587036e-01
-8.790362477302551270e-01
-6.824303865432739258e-01
9.449250251054763794e-02
-4.503981471061706543e-01
-1.575312167406082153e-01
1.340841531753540039e+00
1.392200469970703125e+00
1.106649041175842285e+00
-5.232030153274536133e-01
1.817373514175415039e+00
-1.085146546363830566e+00
1.441450715065002441e+00
2.707925558090209961e+00
8.644745349884033203e-01
1.561693251132965088e-01
1.286348104476928711e-01
-1.481112718582153320e+00
4.053338468074798584e-01
-9.747774600982666016e-01
1.928853273391723633e+00
1.710068136453628540e-01
6.912868618965148926e-01
-1.638451814651489258e+00
-1.613097429275512695e+00
-1.938728690147399902e+00
2.869059562683105469e+00
-1.968682855367660522e-01
-9.723377972841262817e-02
-9.690076708793640137e-01
-1.960774064064025879e+00
4.391244351863861084e-01
3.698125779628753662e-01
1.188762545585632324e+00
5.567220970988273621e-02
-6.930776238441467285e-01
-3.066714107990264893e-01
2.720933914184570312e+00
-7.222938537597656250e-02
-4.983685016632080078e-01
-2.064467191696166992e+00
5.277341604232788086e-01
-2.909166812896728516e+00
-1.137984514236450195e+00
-1.934091448783874512e+00
-1.597603321075439453e+00
-3.900505542755126953e+00
9.260278940200805664e-01
-4.127338230609893799e-01
8.137818574905395508e-01
9.912309646606445312e-01
-3.500616848468780518e-01
-8.265491575002670288e-02
1.074710011482238770e+00
6.159887909889221191e-01
3.022669792175292969e+00
9.920977056026458740e-02
1.208024099469184875e-01
1.668646931648254395e+00
6.070106029510498047e-01
9.778153896331787109e-01
-1.127745509147644043e+00
-1.916412830352783203e+00
4.555509090423583984e-01
2.244189828634262085e-01
-1.652943134307861328e+00
5.436735749244689941e-01
1.924388885498046875e+00
-5.933862924575805664e-01
1.655226111412048340e+00
-1.007847309112548828e+00
3.149926364421844482e-01
-1.269214749336242676e+00
-6.512898206710815430e-02
3.638682067394256592e-01
-2.017879962921142578e+00
8.974401354789733887e-01
1.493304491043090820e+00
2.758815288543701172e-01
1.811253666877746582e+00
-1.307327985763549805e+00
-1.488419994711875916e-02
4.621633887290954590e-01
-8.575544357299804688e-01
1.061887264251708984e+00
7.351453304290771484e-01
-1.684274196624755859e+00
5.159331560134887695e-01
-1.280176281929016113e+00
4.744268208742141724e-02
4.852514863014221191e-01
8.616473674774169922e-01
-1.569256037473678589e-01
