-4.988029226660728455e-02
1.241583466529846191e+00
6.035127490758895874e-02
4.838163852691650391e-01
-7.961400151252746582e-01
1.079717993736267090e+00
1.332367897033691406e+00
9.519661664962768555e-01
-7.469446063041687012e-01
4.576613306999206543e-01
1.869607567787170410e+00
1.506433844566345215e+00
3.238666057586669922e+00
1.391974329948425293e+00
4.367015883326530457e-02
7.296680212020874023e-01
3.850860521197319031e-02
1.821658730506896973e+00
-1.728009581565856934e-01
3.403617739677429199e-01
1.908439755439758301e+00
-1.657412648200988770e+00
2.508535683155059814e-01
1.514688730239868164e-01
-2.893319368362426758e+00
-2.697857618331909180e-01
7.652556300163269043e-01
-4.677792787551879883e-01
7.437911350280046463e-03
7.252278923988342285e-01
-1.250304818153381348e+00
-1.607864618301391602e+00
-1.016313433647155762e+00
2.246126174926757812e+00
-1.656942129135131836e+00
8.478623628616333008e-01
-1.259191632270812988e+00
-2.672539472579956055e+00
-5.123701691627502441e-01
-2.578676223754882812e+00
-2.244777679443359375e+00
-1.740379929542541504e-01
1.484762072563171387e+00
1.751083016395568848e+00
7.375925779342651367e-01
1.848463773727416992e+00
-2.410684973001480103e-01
1.338997781276702881e-01
8.186012506484985352e-01
2.415891885757446289e+00
-5.839530825614929199e-01
-3.705402314662933350e-01
-4.130045473575592041e-01
-3.829248845577239990e-01
-5.033926963806152344e-01
-2.366892760619521141e-03
1.220756292343139648e+00
1.953451752662658691e+00
-1.638624072074890137e+00
1.313169449567794800e-01
-1.498059511184692383e+00
1.773515701293945312e+00
2.630913257598876953e-01
1.560315966606140137e+00
6.573054194450378418e-01
1.611533284187316895e+00
1.036198258399963379e+00
-8.324596881866455078e-01
1.435053706169128418e+00
2.292512059211730957e-01
-1.672815561294555664e+00
2.395992755889892578e+00
1.285618424415588379e+00
5.577676296234130859e-01
-1.218108534812927246e-01
-2.733758926391601562e+00
1.482294648885726929e-01
-4.084378778934478760e-01
-2.771203219890594482e-01
-1.461093664169311523e+00
-2.480165719985961914e+00
-1.948208332061767578e+00
7.923759818077087402e-01
-4.547201395034790039e-01
-4.567844327539205551e-03
-8.114090561866760254e-01
-2.682657957077026367e+00
-4.373795986175537109e-01
2.104781866073608398e+00
-5.508539676666259766e-01
-3.529085814952850342e-01
-7.458625435829162598e-01
-2.390856593847274780e-01
3.909997045993804932e-01
-2.203628867864608765e-01
8.556152135133743286e-02
-6.976909637451171875e-01
-2.185497999191284180e+00
4.770560562610626221e-01
-1.087333202362060547e+00
8.231228590011596680e-01
1.651948690414428711e+00
-3.680669963359832764e-01
2.884089946746826172e-01
-1.655911684036254883e+00
2.213769108057022095e-01
1.768716424703598022e-01
9.106217883527278900e-03
1.283633947372436523e+00
-5.300135612487792969e-01
-1.889196753501892090e+00
2.087192296981811523e+00
-1.041188836097717285e+00
-1.319098353385925293e+00
1.762724041938781738e+00
-1.384554624557495117e+00
-3.174763023853302002e-01
-2.278720617294311523e+00
-9.542334675788879395e-01
-4.675320088863372803e-01
-9.220725297927856445e-02
1.014827489852905273e+00
-1.581774592399597168e+00
-1.061136648058891296e-01
-4.876696467399597168e-01
8.228581547737121582e-01
2.221875786781311035e-01
1.166879236698150635e-01
