3.316998779773712158e-01
4.604301750659942627e-01
-2.387844920158386230e-01
-4.895596802234649658e-01
-4.971445798873901367e-01
5.491760093718767166e-03
5.476871728897094727e-01
-3.390035033226013184e-01
-1.379953742027282715e+00
5.714237093925476074e-01
-4.188677072525024414e-01
1.598365306854248047e+00
2.055156081914901733e-01
-1.705562353134155273e+00
-8.105173707008361816e-03
-2.322135686874389648e+00
-7.282578945159912109e-01
4.423397481441497803e-01
1.238707900047302246e+00
-8.511461615562438965e-01
-9.683980941772460938e-01
3.194586634635925293e-01
7.559679150581359863e-01
2.162046194076538086e+00
-7.609155178070068359e-01
7.681310176849365234e-01
-8.443655967712402344e-01
3.537386059761047363e-01
4.142781794071197510e-01
-4.698532819747924805e-01
-1.420986771583557129e+00
-3.408618688583374023e+00
-8.265873789787292480e-01
2.112857103347778320e+00
-4.205735623836517334e-01
1.366778731346130371e+00
-7.354172319173812866e-02
1.023676633834838867e+00
-3.251166939735412598e-01
2.428893089294433594e+00
2.063178777694702148e+00
-7.395913600921630859e-01
2.214214086532592773e+00
8.281907439231872559e-02
-1.830996632575988770e+00
-2.052296251058578491e-01
-1.641480922698974609e+00
2.371296405792236328e+00
2.937883138656616211e-01
-1.477155566215515137e+00
-9.350732564926147461e-01
3.951856791973114014e-01
1.370028704404830933e-01
4.480029046535491943e-01
3.170860409736633301e-01
2.375538110733032227e+00
-2.440622895956039429e-01
1.342251300811767578e+00
-2.657276630401611328e+00
-2.555325031280517578e-01
1.126970648765563965e-01
-1.022501736879348755e-01
-6.871705651283264160e-01
-1.659142136573791504e+00
-1.017994523048400879e+00
-1.535963177680969238e+00
1.946957707405090332e+00
1.519826173782348633e+00
6.004570722579956055e-01
-8.120926618576049805e-01
1.290688663721084595e-01
2.552820444107055664e+00
2.635156214237213135e-01
5.671917647123336792e-02
-7.399286031723022461e-01
-1.109515190124511719e+00
-6.035346388816833496e-01
1.195227980613708496e+00
-5.620608925819396973e-01
-2.259367465972900391e+00
-3.026783943176269531e+00
-1.268558204174041748e-01
1.197884678840637207e+00
-9.639471769332885742e-01
1.862521052360534668e+00
8.548715710639953613e-01
-1.990336179733276367e+00
8.592563271522521973e-01
5.624315738677978516e-01
-3.874171152710914612e-02
2.557821989059448242e+00
2.932680025696754456e-02
3.434264957904815674e-01
4.889175593852996826e-01
-1.663039922714233398e-01
-8.007286787033081055e-01
1.652524232864379883e+00
-6.051083803176879883e-01
1.183376908302307129e+00
4.174038171768188477e-01
-5.559350252151489258e-01
9.390435814857482910e-01
-1.339784383773803711e+00
3.782972395420074463e-01
4.896208643913269043e-02
-1.941672265529632568e-01
-1.570463895797729492e+00
2.497572898864746094e-01
1.651847004890441895e+00
-1.251350998878479004e+00
-1.234851181507110596e-01
-1.001076221466064453e+00
-3.862298429012298584e-01
3.460562229156494141e-01
-1.391152441501617432e-01
-1.144416332244873047e+00
5.996499657630920410e-01
-3.304944276809692383e+00
-4.190326929092407227e-01
2.080494165420532227e+00
2.021122694015502930e+00
-8.088308386504650116e-03
3.348129093647003174e-01
1.102604746818542480e+00
-2.328222543001174927e-01
6.476578116416931152e-01
-1.715535819530487061e-01
-2.488377332687377930e+00
