5.302562937140464783e-02
-2.743412554264068604e-01
-2.208190709352493286e-01
-1.878626644611358643e-01
-1.816654920578002930e+00
1.493372321128845215e-01
-7.234418392181396484e-01
7.384776473045349121e-01
8.600120544433593750e-01
-1.428484082221984863e+00
-9.078507870435714722e-02
1.935633063316345215e+00
-1.762766242027282715e+00
1.572802305221557617e+00
-1.328199729323387146e-02
-1.765334010124206543e+00
3.805403709411621094e-01
1.277201414108276367e+00
-6.017649173736572266e-01
-6.260694265365600586e-01
2.756982743740081787e-01
-6.575019955635070801e-01
4.910845160484313965e-01
1.476294100284576416e-01
-7.318786382675170898e-01
-3.848710656166076660e-02
-2.626300156116485596e-01
-1.072621941566467285e+00
1.699196457862854004e+00
-1.171851873397827148e+00
1.274510502815246582e+00
8.261516094207763672e-01
-8.013222217559814453e-01
7.307204604148864746e-01
-1.423133373260498047e+00
-7.768386006355285645e-01
-1.555261254310607910e+00
1.314298987388610840e+00
-2.660639524459838867e+00
-1.445606589317321777e+00
-6.809837222099304199e-01
-4.614931344985961914e-01
1.004720330238342285e+00
7.463867664337158203e-01
8.080187439918518066e-01
1.500872254371643066e+00
1.516356468200683594e+00
2.430154085159301758e-01
7.185775637626647949e-01
1.210317373275756836e+00
-1.055169701576232910e+00
4.773166179656982422e-01
9.056972265243530273e-01
7.000128626823425293e-01
-1.487042754888534546e-01
1.516602188348770142e-01
-9.922051429748535156e-01
1.762282103300094604e-01
-5.450210571289062500e-01
7.090966701507568359e-01
-1.916959404945373535e+00
2.714704275131225586e+00
-1.237094044685363770e+00
4.047598838806152344e-01
1.093992352485656738e+00
-1.809812068939208984e+00
9.707522392272949219e-02
-1.339456677436828613e+00
-2.271575927734375000e-01
9.092953205108642578e-01
3.007316350936889648e+00
1.181671500205993652e+00
-3.148437291383743286e-02
6.374028325080871582e-01
1.816641688346862793e+00
1.551295638084411621e+00
1.580770373344421387e+00
2.205420017242431641e+00
-2.046282052993774414e+00
-2.423965454101562500e+00
-8.700864315032958984e-01
2.945382148027420044e-02
-7.989434003829956055e-01
1.807183027267456055e+00
3.753209114074707031e-01
-2.067712068557739258e+00
4.178929626941680908e-01
-1.996623754501342773e+00
-5.776398181915283203e-01
1.760011762380599976e-01
2.797706723213195801e-01
1.194692134857177734e+00
-2.096443176269531250e+00
3.420241117477416992e+00
4.871614575386047363e-01
-1.263669848442077637e+00
1.049099683761596680e+00
-8.247309923171997070e-01
5.082092881202697754e-01
7.453697323799133301e-01
-1.529274702072143555e+00
1.052733361721038818e-01
-1.293196320533752441e+00
4.626402258872985840e-01
2.280475139617919922e+00
1.079124435782432556e-01
-1.337344199419021606e-01
-1.544016957283020020e+00
-2.616051435470581055e-01
-2.406928062438964844e+00
2.450988255441188812e-02
-9.626876711845397949e-01
1.950997233390808105e+00
5.500668883323669434e-01
8.784224987030029297e-01
-3.764414787292480469e-01
-4.829654991626739502e-01
-8.892066478729248047e-01
1.439786791801452637e+00
-2.228901833295822144e-01
-4.479380846023559570e-01
4.993955790996551514e-01
-1.092117309570312500e+00
8.457770943641662598e-02
-9.489150047302246094e-01
-1.401700496673583984e+00
-5.092924833297729492e-01
-7.403942942619323730e-01
