-9.440512396395206451e-03
-4.023386538028717041e-01
9.887887835502624512e-01
7.036118507385253906e-01
4.563934504985809326e-01
-9.572350233793258667e-02
-7.014180421829223633e-01
-5.426953434944152832e-01
-1.418238282203674316e+00
-9.597932696342468262e-01
2.119893133640289307e-01
7.356392145156860352e-01
3.344190597534179688e+00
2.720591723918914795e-01
-9.378187358379364014e-02
-5.001361966133117676e-01
-1.353175044059753418e+00
8.099107742309570312e-01
1.573118567466735840e+00
8.735574036836624146e-02
-1.456322550773620605e+00
-6.627594232559204102e-01
1.113804578781127930e+00
6.239946484565734863e-01
-1.990502476692199707e+00
-7.299981713294982910e-01
2.868193089962005615e-01
1.558191657066345215e+00
-1.365779161453247070e+00
2.052751928567886353e-01
-1.725760847330093384e-01
-9.734632372856140137e-01
-2.496918678283691406e+00
2.168980360031127930e+00
-4.204756021499633789e-01
1.865211606025695801e+00
-8.052135109901428223e-01
7.677932977676391602e-01
-1.784248232841491699e+00
1.415300607681274414e+00
2.860360741615295410e-01
1.039231896400451660e+00
1.770521759986877441e+00
5.996245145797729492e-01
-2.035202264785766602e+00
-4.589206576347351074e-01
-1.715088129043579102e+00
1.716744065284729004e+00
6.058349013328552246e-01
9.156932234764099121e-01
4.571686089038848877e-01
-2.572904586791992188e+00
1.705335617065429688e+00
-3.825812339782714844e-01
-4.594451785087585449e-01
3.211264610290527344e-01
2.365173846483230591e-01
1.236354827880859375e+00
-1.883156448602676392e-01
1.227542757987976074e+00
2.114639729261398315e-01
-6.762719154357910156e-01
5.897975564002990723e-01
-2.035202980041503906e+00
6.046001315116882324e-01
-6.959943175315856934e-01
3.934587538242340088e-01
2.321458578109741211e+00
8.314580917358398438e-01
9.191134572029113770e-01
7.578684091567993164e-01
1.062081813812255859e+00
-8.716816306114196777e-01
1.018803238868713379e+00
-5.097284913063049316e-01
-4.055251777172088623e-01
-8.003875017166137695e-01
-3.817302584648132324e-01
5.443934202194213867e-01
-3.340374231338500977e-01
-3.380354344844818115e-01
-1.216550827026367188e+00
1.592766165733337402e+00
4.739057123661041260e-01
1.859194040298461914e+00
-9.737695455551147461e-01
-6.772624850273132324e-01
-1.547905445098876953e+00
4.875726997852325439e-01
-3.704983294010162354e-01
3.158535242080688477e+00
1.197448372840881348e+00
7.922846674919128418e-01
-2.863937057554721832e-02
1.761227965354919434e+00
2.578234195709228516e+00
-1.852028816938400269e-01
-1.044130682945251465e+00
-1.360856175422668457e+00
4.630774557590484619e-01
-2.088814020156860352e+00
5.325511693954467773e-01
-6.576732397079467773e-01
8.046050071716308594e-01
-2.519397497177124023e+00
-8.482671380043029785e-01
9.853245615959167480e-01
-9.665755629539489746e-01
-2.071729153394699097e-01
-6.856117397546768188e-02
-1.699318736791610718e-01
-3.844745159149169922e-01
-5.170920491218566895e-01
-2.518051862716674805e-01
1.660106539726257324e+00
-2.243202447891235352e+00
6.331406831741333008e-01
-1.887979269027709961e+00
-3.990043699741363525e-01
-5.436064004898071289e-01
-1.456671118736267090e+00
-2.125627249479293823e-01
-7.814820110797882080e-02
-1.491602063179016113e+00
-9.183704853057861328e-01
-6.118571162223815918e-01
-4.255904555320739746e-01
-1.802065372467041016e+00
