-2.726991891860961914e+00
-1.255359768867492676e+00
-5.464582443237304688e-01
1.477048248052597046e-01
1.022686362266540527e+00
1.176858901977539062e+00
-1.183865547180175781e+00
9.462220072746276855e-01
1.695509076118469238e+00
-8.873780369758605957e-01
-1.034003376960754395e+00
-5.620579719543457031e-01
-5.610192418098449707e-01
1.566964268684387207e+00
3.731032460927963257e-02
-4.280845522880554199e-01
-1.138426780700683594e+00
2.488248497247695923e-01
2.091265201568603516e+00
1.416411757469177246e+00
-8.207919001579284668e-01
1.398603081703186035e+00
8.820449709892272949e-01
7.658603191375732422e-01
-2.363954544067382812e+00
6.430010795593261719e-01
1.964253664016723633e+00
7.302478551864624023e-01
2.250292539596557617e+00
1.720472335815429688e+00
-2.607064843177795410e-01
-7.978270649909973145e-01
3.999265730381011963e-01
2.690339386463165283e-01
-5.476836562156677246e-01
3.131598532199859619e-01
1.137508153915405273e+00
-1.293754100799560547e+00
1.021993637084960938e+00
-8.860517144203186035e-01
-1.836443424224853516e+00
2.370831966400146484e-01
2.004323005676269531e+00
3.188254535198211670e-01
-9.253353476524353027e-01
-3.429270386695861816e-01
1.129180669784545898e+00
-1.079086065292358398e+00
1.026513934135437012e+00
1.452092409133911133e+00
-1.015672564506530762e+00
5.988180637359619141e-01
-3.372822403907775879e-01
-7.641790509223937988e-01
1.073861241340637207e+00
4.450369179248809814e-01
-2.490245699882507324e-01
2.229653835296630859e+00
8.211881518363952637e-01
5.738302320241928101e-02
-4.296530485153198242e-01
2.011804103851318359e+00
-2.923227548599243164e-01
-2.081071615219116211e+00
2.328711032867431641e+00
1.091164708137512207e+00
-1.574333190917968750e+00
-1.132160544395446777e+00
-3.879075348377227783e-01
-4.818275868892669678e-01
-3.667642474174499512e-01
4.604260623455047607e-01
7.042602300643920898e-01
1.280848503112792969e+00
1.150211215019226074e+00
-6.877963989973068237e-02
-1.339857220649719238e+00
6.729044914245605469e-01
8.052301406860351562e-01
2.579126656055450439e-01
-7.137022018432617188e-01
-9.804201722145080566e-01
3.138581216335296631e-01
4.520419239997863770e-01
2.556875050067901611e-01
1.705797553062438965e+00
1.707029819488525391e+00
-8.173002600669860840e-01
-2.333300828933715820e+00
-1.091010272502899170e-01
-8.849851787090301514e-02
-1.307686686515808105e+00
-9.668795466423034668e-01
9.426416456699371338e-02
-1.536995768547058105e+00
-1.227074623107910156e+00
-3.858336508274078369e-01
-5.958610773086547852e-01
-2.209786891937255859e+00
-6.337492465972900391e-01
-3.076937794685363770e-01
5.720357298851013184e-01
5.280698090791702271e-02
9.631580114364624023e-01
1.150724172592163086e+00
-1.726894021034240723e+00
-2.016004323959350586e+00
4.665753617882728577e-02
-8.736524581909179688e-01
-3.797066211700439453e+00
5.438872575759887695e-01
-5.998168587684631348e-01
1.653494685888290405e-01
2.233905494213104248e-01
5.095339417457580566e-01
-7.818918824195861816e-01
1.330903917551040649e-01
8.042104840278625488e-01
7.694596648216247559e-01
-5.241642594337463379e-01
4.100376665592193604e-01
8.196064829826354980e-01
-1.385372400283813477e+00
-1.686276674270629883e+00
-8.077620863914489746e-01
-1.022427916526794434e+00
-6.792758405208587646e-02
-2.995249032974243164e-01
