7.747963666915893555e-01
8.804320096969604492e-01
1.783267706632614136e-01
8.120661973953247070e-01
8.226970434188842773e-01
7.547079324722290039e-01
1.090494632720947266e+00
1.182452321052551270e+00
1.191676259040832520e+00
1.393502116203308105e+00
8.575292229652404785e-01
1.216994285583496094e+00
9.730015993118286133e-01
1.061304450035095215e+00
9.899829626083374023e-01
9.091543555259704590e-01
9.236469864845275879e-01
1.009286999702453613e+00
1.300548076629638672e+00
8.771376013755798340e-01
1.237207651138305664e+00
1.230891108512878418e+00
7.479467391967773438e-01
1.020310163497924805e+00
1.320101261138916016e+00
1.199125766754150391e+00
1.058134913444519043e+00
1.215011596679687500e+00
1.434082031250000000e+00
1.346688151359558105e+00
1.087256312370300293e+00
7.637073993682861328e-01
3.974712789058685303e-01
9.087609648704528809e-01
1.312700390815734863e+00
9.936100840568542480e-01
8.866566419601440430e-01
9.460479617118835449e-01
1.302840232849121094e+00
1.120361089706420898e+00
1.201052427291870117e+00
8.747575879096984863e-01
7.803858518600463867e-01
1.079778671264648438e+00
1.046967148780822754e+00
1.022579550743103027e+00
1.568118095397949219e+00
5.440466403961181641e-01
1.085261225700378418e+00
8.565337657928466797e-01
1.214747667312622070e+00
9.663690328598022461e-01
1.281754016876220703e+00
8.631893396377563477e-01
1.551241278648376465e+00
9.676418304443359375e-01
1.023541212081909180e+00
1.105463147163391113e+00
7.699074745178222656e-01
1.547836303710937500e+00
1.382588982582092285e+00
8.913039565086364746e-01
9.706840515136718750e-01
1.220307469367980957e+00
1.036573052406311035e+00
1.167761087417602539e+00
1.075105190277099609e+00
8.462173342704772949e-01
1.283939242362976074e+00
1.147559642791748047e+00
1.448151230812072754e+00
1.099650144577026367e+00
1.351401090621948242e+00
5.216111540794372559e-01
1.133511662483215332e+00
8.743120431900024414e-01
1.030513405799865723e+00
1.108117222785949707e+00
9.060741066932678223e-01
7.037415504455566406e-01
9.051095843315124512e-01
9.244753718376159668e-01
1.299736261367797852e+00
1.379285693168640137e+00
1.051261425018310547e+00
1.000684261322021484e+00
1.318814039230346680e+00
9.692112803459167480e-01
1.146010637283325195e+00
1.358822703361511230e+00
1.146129131317138672e+00
1.001036047935485840e+00
9.944138526916503906e-01
1.211657404899597168e+00
1.292104601860046387e+00
9.948321580886840820e-01
1.336795926094055176e+00
1.344451546669006348e+00
7.557544708251953125e-01
9.571066498756408691e-01
8.648496866226196289e-01
8.389987349510192871e-01
1.171943306922912598e+00
1.180303931236267090e+00
8.449174165725708008e-01
1.130795001983642578e+00
7.900378108024597168e-01
8.654239773750305176e-01
9.179956912994384766e-01
1.174553632736206055e+00
1.125056147575378418e+00
1.052991628646850586e+00
1.069593906402587891e+00
9.011343121528625488e-01
9.448438286781311035e-01
1.282930135726928711e+00
1.418786406517028809e+00
9.573947787284851074e-01
1.297585725784301758e+00
6.379928588867187500e-01
1.129104614257812500e+00
1.093137741088867188e+00
1.170704603195190430e+00
1.185101509094238281e+00
1.170261859893798828e+00
7.656962871551513672e-01
1.451793909072875977e+00
1.428579211235046387e+00
