-1.138559579849243164e+00
2.755938470363616943e-01
-9.943554997444152832e-01
-4.175107181072235107e-01
2.646315395832061768e-01
3.577175736427307129e-02
1.019442200660705566e+00
-1.627473086118698120e-01
-1.603329658508300781e+00
-2.518113255500793457e-01
4.863834381103515625e-02
7.142207026481628418e-01
7.770789861679077148e-01
-3.193994462490081787e-01
1.496233463287353516e+00
2.061876356601715088e-01
8.423539400100708008e-01
-8.913284540176391602e-01
7.708298563957214355e-01
2.036382913589477539e+00
-1.424659252166748047e+00
-8.557797670364379883e-01
5.239799022674560547e-01
1.849515318870544434e+00
4.922758042812347412e-01
-7.593982219696044922e-01
-3.562479466199874878e-02
-3.574604094028472900e-01
6.404895186424255371e-01
8.275619745254516602e-01
-1.201755523681640625e+00
-1.113516166806221008e-01
-3.137700319290161133e+00
-5.978023260831832886e-02
-1.090265512466430664e+00
-3.080798871815204620e-02
1.076364874839782715e+00
-3.598296940326690674e-01
-1.272800713777542114e-01
-1.548100948333740234e+00
1.285131216049194336e+00
-1.622528433799743652e-01
-4.064429104328155518e-01
-1.318491220474243164e+00
4.532783627510070801e-01
3.072521388530731201e-01
1.453922539949417114e-01
-2.060361057519912720e-01
-1.032744407653808594e+00
1.352773070335388184e+00
4.479471147060394287e-01
-7.037764787673950195e-01
1.358825922012329102e+00
-1.329746127128601074e+00
6.100545525550842285e-01
5.030972361564636230e-01
-7.155155390501022339e-02
-1.380518525838851929e-01
1.005278587341308594e+00
6.382080316543579102e-01
-3.830663263797760010e-01
3.590631484985351562e-01
-1.026011824607849121e+00
-3.741235435009002686e-01
-1.721662580966949463e-01
-7.346358299255371094e-01
7.119548916816711426e-01
1.027180194854736328e+00
-5.312489718198776245e-02
6.616301536560058594e-01
4.855954945087432861e-01
4.094997942447662354e-01
3.310788571834564209e-01
-5.142093658447265625e+00
-4.407312572002410889e-01
-1.275632381439208984e+00
8.361989259719848633e-02
1.507187727838754654e-02
1.655646681785583496e+00
2.983791530132293701e-01
1.811195313930511475e-01
-1.762042999267578125e+00
9.826260805130004883e-01
1.048491477966308594e+00
2.108611345291137695e+00
-6.652191877365112305e-01
-9.579294919967651367e-01
1.631712555885314941e+00
9.775156378746032715e-01
-1.257113069295883179e-01
6.087448596954345703e-01
6.920402646064758301e-01
2.471162676811218262e-01
3.641164302825927734e-01
1.184890389442443848e+00
8.594572544097900391e-01
-2.977838814258575439e-01
2.633442580699920654e-01
1.274087071418762207e+00
3.190524578094482422e-01
2.293395698070526123e-01
1.251137614250183105e+00
5.122369527816772461e-01
2.976812422275543213e-01
8.394295573234558105e-01
-3.247723877429962158e-01
1.448252499103546143e-01
4.670884609222412109e-01
1.501225471496582031e+00
-7.806558012962341309e-01
-7.345275878906250000e-01
8.684275746345520020e-01
1.123956814408302307e-01
4.387949407100677490e-01
3.087131679058074951e-01
3.404915034770965576e-01
4.835929572582244873e-01
-1.662047505378723145e+00
-7.549060583114624023e-01
-1.299249410629272461e+00
7.902847528457641602e-01
-2.653572559356689453e-01
5.392025038599967957e-02
-2.081963062286376953e+00
-4.254851639270782471e-01
-2.237569808959960938e+00
4.466607868671417236e-01
3.651662468910217285e-01
