5.198956131935119629e-01
4.650835096836090088e-01
3.670208752155303955e-01
1.110184073448181152e+00
4.792762398719787598e-01
5.245801806449890137e-01
8.340343832969665527e-01
1.003236293792724609e+00
7.677671313285827637e-01
1.044396042823791504e+00
5.225276947021484375e-01
1.402541518211364746e+00
7.952784895896911621e-01
1.157572031021118164e+00
6.978894472122192383e-01
5.997570753097534180e-01
3.695381283760070801e-01
7.058755159378051758e-01
8.355145454406738281e-01
5.548542141914367676e-01
1.016084909439086914e+00
4.536783397197723389e-01
7.471829056739807129e-01
7.603382468223571777e-01
7.083225846290588379e-01
6.765031814575195312e-01
6.854202151298522949e-01
9.782732725143432617e-01
8.111665844917297363e-01
6.664389967918395996e-01
7.031925916671752930e-01
8.123711347579956055e-01
7.601814866065979004e-01
5.238108634948730469e-01
9.619496464729309082e-01
5.548652410507202148e-01
5.503455400466918945e-01
6.272161006927490234e-01
8.036542534828186035e-01
7.067790031433105469e-01
7.158432602882385254e-01
4.740227460861206055e-01
5.394667387008666992e-01
7.470458745956420898e-01
5.348311662673950195e-01
7.734444141387939453e-01
1.246498465538024902e+00
5.491251945495605469e-01
8.983057141304016113e-01
5.393068194389343262e-01
9.585693478584289551e-01
6.497366428375244141e-01
7.803658843040466309e-01
8.234826922416687012e-01
8.797307014465332031e-01
7.871499061584472656e-01
4.555602967739105225e-01
8.907086849212646484e-01
5.748907923698425293e-01
7.394511699676513672e-01
7.697440981864929199e-01
7.576494812965393066e-01
6.834673285484313965e-01
4.961406886577606201e-01
7.324848771095275879e-01
4.538918733596801758e-01
7.505113482475280762e-01
4.370186626911163330e-01
9.793717265129089355e-01
6.384629011154174805e-01
7.402256727218627930e-01
1.052178978919982910e+00
1.072672367095947266e+00
4.690727889537811279e-01
9.139692187309265137e-01
7.139426469802856445e-01
6.810722947120666504e-01
8.391250371932983398e-01
6.139373779296875000e-01
7.299256920814514160e-01
6.386165022850036621e-01
7.094606161117553711e-01
6.661002635955810547e-01
1.260074138641357422e+00
9.627733826637268066e-01
7.883284687995910645e-01
8.718608021736145020e-01
4.442069828510284424e-01
9.695445299148559570e-01
8.954342603683471680e-01
9.654550552368164062e-01
5.781142115592956543e-01
6.677373051643371582e-01
6.000469923019409180e-01
9.353353977203369141e-01
9.121655225753784180e-01
9.513331055641174316e-01
7.017466425895690918e-01
3.532770276069641113e-01
7.283690571784973145e-01
8.046692609786987305e-01
5.742377638816833496e-01
8.583796024322509766e-01
7.280560731887817383e-01
5.138256549835205078e-01
7.486584782600402832e-01
4.311679899692535400e-01
5.017476677894592285e-01
5.534849166870117188e-01
8.637601733207702637e-01
7.876598834991455078e-01
6.729674339294433594e-01
5.164691209793090820e-01
7.314782738685607910e-01
1.123101472854614258e+00
8.560357689857482910e-01
9.739019274711608887e-01
6.269954442977905273e-01
8.265643119812011719e-01
4.338025748729705811e-01
5.847145318984985352e-01
7.038888335227966309e-01
5.519305467605590820e-01
7.782287001609802246e-01
1.048996686935424805e+00
5.725736021995544434e-01
8.067125082015991211e-01
8.103244304656982422e-01
