-8.544285297393798828e-01
1.736500859260559082e-01
3.216273784637451172e-01
-8.582450747489929199e-01
-3.621255755424499512e-01
2.016058564186096191e-01
1.921085834503173828e+00
3.817221224308013916e-01
-8.836197108030319214e-02
-2.176676511764526367e+00
5.469036102294921875e-01
1.129584193229675293e+00
-1.096931844949722290e-01
9.431403130292892456e-02
2.026122331619262695e+00
3.833836317062377930e-01
1.350091338157653809e+00
-9.077003598213195801e-01
2.084206104278564453e+00
1.821150302886962891e+00
-2.392681360244750977e+00
-4.716238379478454590e-01
5.931360721588134766e-01
1.147518277168273926e+00
-1.263440608978271484e+00
-9.409367442131042480e-01
-2.997372150421142578e-01
-9.044243097305297852e-01
1.137572526931762695e-02
1.528984069824218750e+00
-9.789179563522338867e-01
-5.322635769844055176e-01
-2.692732095718383789e+00
-7.301863431930541992e-01
-1.345998883247375488e+00
-3.210353553295135498e-01
1.169617772102355957e-01
2.631647586822509766e-01
-5.785769820213317871e-01
-1.678933978080749512e+00
6.402378082275390625e-01
-4.189325571060180664e-01
-1.286057680845260620e-01
-1.125555872917175293e+00
-6.079120635986328125e-01
8.021397590637207031e-01
5.883200168609619141e-01
-1.033470630645751953e+00
-1.721182465553283691e+00
1.240205883979797363e+00
1.247896552085876465e+00
-1.671633839607238770e+00
1.564774632453918457e+00
-8.272907733917236328e-01
1.184562563896179199e+00
8.380873203277587891e-01
3.515063822269439697e-01
-7.156854271888732910e-01
8.504623174667358398e-01
2.138838768005371094e-01
-1.300161600112915039e+00
1.551121234893798828e+00
-6.277042627334594727e-01
-7.749290466308593750e-01
-5.962502211332321167e-02
-2.639515161514282227e+00
-4.791744351387023926e-01
8.496308922767639160e-01
-5.479928255081176758e-01
2.634701728820800781e-01
9.799786210060119629e-01
6.421816349029541016e-01
1.284045219421386719e+00
-3.212901115417480469e+00
4.283422827720642090e-01
-1.691154599189758301e+00
-2.386387586593627930e-01
1.347137391567230225e-01
-1.599602848291397095e-01
5.445411801338195801e-01
5.346218347549438477e-01
-1.268680334091186523e+00
1.708604335784912109e+00
7.154885530471801758e-01
1.294344067573547363e+00
-1.072651624679565430e+00
-9.924050569534301758e-01
1.039288401603698730e+00
6.764559745788574219e-01
9.159315377473831177e-02
-7.185906171798706055e-01
1.043126463890075684e+00
-1.545280814170837402e-01
1.075241565704345703e+00
9.545795321464538574e-01
3.705726563930511475e-01
-7.770275473594665527e-01
7.091346383094787598e-01
9.056444764137268066e-01
1.042266488075256348e+00
9.509318321943283081e-02
6.020607352256774902e-01
7.050373554229736328e-01
1.234326362609863281e+00
8.924451470375061035e-01
3.607667386531829834e-01
1.335968494415283203e+00
-5.500403046607971191e-01
1.164473652839660645e+00
-7.932545542716979980e-01
-3.534789383411407471e-02
5.939772129058837891e-01
-3.187354803085327148e-01
1.760423034429550171e-01
2.116848379373550415e-01
1.079951599240303040e-01
-5.201051756739616394e-02
-1.051761984825134277e+00
-8.187995553016662598e-01
-2.059957265853881836e+00
3.134151399135589600e-01
-8.468703627586364746e-01
-2.291057817637920380e-02
-2.269400358200073242e+00
-6.997345387935638428e-02
-3.834602609276771545e-02
1.669744849205017090e-01
-4.571121633052825928e-01
