5.246689319610595703e-01
5.853298306465148926e-01
3.218426406383514404e-01
7.810827493667602539e-01
5.477165579795837402e-01
4.614188671112060547e-01
6.525499820709228516e-01
9.609091281890869141e-01
7.932744622230529785e-01
7.669031023979187012e-01
4.988090693950653076e-01
8.298031687736511230e-01
5.984135866165161133e-01
6.896988153457641602e-01
5.990512371063232422e-01
6.659778952598571777e-01
5.657867789268493652e-01
6.533100605010986328e-01
8.008403182029724121e-01
5.342558026313781738e-01
8.809088468551635742e-01
8.484107851982116699e-01
6.420425772666931152e-01
6.942343711853027344e-01
8.498916029930114746e-01
7.061195969581604004e-01
6.758642196655273438e-01
8.098395466804504395e-01
8.248412013053894043e-01
8.202467560768127441e-01
7.872575521469116211e-01
5.474117398262023926e-01
4.599672257900238037e-01
4.919605851173400879e-01
8.060345649719238281e-01
5.661196708679199219e-01
6.073652505874633789e-01
6.492604017257690430e-01
6.491732001304626465e-01
7.793222069740295410e-01
8.051788806915283203e-01
5.564046502113342285e-01
8.106792569160461426e-01
6.572064161300659180e-01
8.894238471984863281e-01
8.739131689071655273e-01
9.770112633705139160e-01
4.040821194648742676e-01
8.553004264831542969e-01
5.301270484924316406e-01
9.160810112953186035e-01
5.701704621315002441e-01
6.907541751861572266e-01
6.415418386459350586e-01
9.608486890792846680e-01
7.035685181617736816e-01
7.950478792190551758e-01
6.522482037544250488e-01
5.205839872360229492e-01
1.017520785331726074e+00
8.281365036964416504e-01
5.966198444366455078e-01
6.385398507118225098e-01
7.068010568618774414e-01
6.536951065063476562e-01
5.531769990921020508e-01
6.892670989036560059e-01
5.528684258460998535e-01
7.721157073974609375e-01
7.192671298980712891e-01
7.754666209220886230e-01
6.124221682548522949e-01
6.612854003906250000e-01
6.122097969055175781e-01
7.491614222526550293e-01
6.048318147659301758e-01
5.622417926788330078e-01
6.602549552917480469e-01
6.184213161468505859e-01
5.931537151336669922e-01
6.465082764625549316e-01
7.485024929046630859e-01
8.549771308898925781e-01
1.107063770294189453e+00
6.851146221160888672e-01
8.640505671501159668e-01
8.221998214721679688e-01
6.163880228996276855e-01
8.584100008010864258e-01
7.239239811897277832e-01
7.786211371421813965e-01
6.002705693244934082e-01
7.116152048110961914e-01
7.450473308563232422e-01
7.556843161582946777e-01
5.551466941833496094e-01
7.645925879478454590e-01
8.343229889869689941e-01
4.783684015274047852e-01
5.765643119812011719e-01
5.907025933265686035e-01
6.063890457153320312e-01
7.665168046951293945e-01
8.100162744522094727e-01
5.523186326026916504e-01
7.853239178657531738e-01
4.829763770103454590e-01
5.876560807228088379e-01
5.552847385406494141e-01
6.655007600784301758e-01
8.377479910850524902e-01
6.628564596176147461e-01
7.387326955795288086e-01
6.113023161888122559e-01
5.500608682632446289e-01
8.654855489730834961e-01
8.803737759590148926e-01
6.591407060623168945e-01
7.425186634063720703e-01
4.144240021705627441e-01
8.145141005516052246e-01
6.108078360557556152e-01
8.216704130172729492e-01
7.050430774688720703e-01
8.951660394668579102e-01
5.205323696136474609e-01
9.231230020523071289e-01
9.841756224632263184e-01
