-5.781006813049316406e-01
-4.581132233142852783e-01
2.930848836898803711e+00
7.856532335281372070e-01
-7.990303039550781250e-01
9.479087591171264648e-01
2.650689601898193359e+00
-8.686726540327072144e-02
-2.210268735885620117e+00
1.659131646156311035e+00
1.989039033651351929e-01
3.895463943481445312e-01
-6.844264864921569824e-01
-1.118471503257751465e+00
1.874316573143005371e+00
7.087366580963134766e-01
3.302121877670288086e+00
-2.456578493118286133e+00
-4.364013671875000000e-01
2.433976173400878906e+00
-1.331410884857177734e+00
1.510022997856140137e+00
1.356791019439697266e+00
2.533249378204345703e+00
-9.147301912307739258e-01
-1.527578830718994141e+00
-3.123479783535003662e-01
-7.397480010986328125e-01
-7.021842896938323975e-02
2.364848136901855469e+00
-2.782675743103027344e+00
6.773308515548706055e-01
-3.597559690475463867e+00
-6.513997316360473633e-01
-9.395770430564880371e-01
-1.645202875137329102e+00
2.369666576385498047e+00
-5.372310280799865723e-01
-1.225724220275878906e+00
-2.072624683380126953e+00
2.596222981810569763e-02
4.923257231712341309e-01
-2.496819972991943359e+00
-1.422758936882019043e+00
1.497923970222473145e+00
2.883022129535675049e-01
-7.189521100372076035e-03
7.669594883918762207e-01
-6.783863902091979980e-01
3.346659898757934570e+00
5.573560595512390137e-01
-1.459183841943740845e-01
1.479626417160034180e+00
-8.311737179756164551e-01
2.040441513061523438e+00
1.952316462993621826e-01
-2.354013442993164062e+00
-1.013632416725158691e+00
2.200350999832153320e+00
-4.960176721215248108e-02
-2.279665023088455200e-01
-4.845986664295196533e-01
-3.352093696594238281e+00
-1.878812670707702637e+00
-5.276147127151489258e-01
-2.884939432144165039e+00
3.242087066173553467e-01
3.337028741836547852e+00
1.612201333045959473e-01
-3.109931349754333496e-01
1.443750977516174316e+00
7.518870234489440918e-01
-7.962983250617980957e-01
2.126808404922485352e+00
2.026317417621612549e-01
-1.155794382095336914e+00
-3.612962067127227783e-01
-5.838070511817932129e-01
1.496113538742065430e+00
7.146452665328979492e-01
1.383642554283142090e-01
-2.081254482269287109e+00
-9.559085965156555176e-01
-5.170878767967224121e-01
3.102602720260620117e+00
-2.195551633834838867e+00
-1.672526717185974121e+00
-1.199573040008544922e+00
1.617475748062133789e+00
-1.071172952651977539e+00
2.007426172494888306e-01
2.809611558914184570e+00
1.657594203948974609e+00
1.599511504173278809e+00
8.845877051353454590e-01
-9.713557362556457520e-01
-6.544348597526550293e-01
-3.176467418670654297e-01
2.333997488021850586e+00
-4.438361525535583496e-01
2.344411909580230713e-01
2.568391561508178711e-01
1.318326830863952637e+00
9.048766642808914185e-02
-8.359167575836181641e-01
4.623357355594635010e-01
1.345049589872360229e-01
-9.925917387008666992e-01
3.426564455032348633e+00
-7.023499608039855957e-01
-1.189418673515319824e+00
2.671648561954498291e-01
-1.817011982202529907e-01
2.363010168075561523e+00
5.094254016876220703e-01
8.695805072784423828e-01
8.964893221855163574e-01
-2.538313388824462891e+00
-5.513180494308471680e-01
-2.738250255584716797e+00
1.950385570526123047e+00
-7.072418928146362305e-01
8.938807249069213867e-01
-1.129831433296203613e+00
-1.073671221733093262e+00
-1.573191165924072266e+00
-2.917381823062896729e-01
-1.386457204818725586e+00
