6.671727895736694336e-01
7.411604523658752441e-01
1.188834667205810547e+00
1.803882479667663574e+00
9.129051566123962402e-01
1.022335290908813477e+00
1.256303429603576660e+00
1.647378683090209961e+00
1.465700030326843262e+00
1.837209343910217285e+00
1.009124279022216797e+00
2.347810745239257812e+00
1.581315875053405762e+00
2.207147359848022461e+00
1.753646969795227051e+00
8.874586820602416992e-01
9.769062399864196777e-01
1.428033709526062012e+00
1.652854442596435547e+00
1.124790549278259277e+00
1.990477085113525391e+00
6.054190993309020996e-01
1.578097105026245117e+00
1.221361517906188965e+00
1.096133470535278320e+00
1.448598742485046387e+00
1.238453030586242676e+00
1.357643723487854004e+00
1.300751924514770508e+00
1.159936904907226562e+00
1.318509817123413086e+00
1.268831014633178711e+00
2.460447788238525391e+00
1.111597537994384766e+00
1.531902670860290527e+00
1.140691876411437988e+00
1.470346570014953613e+00
1.250587701797485352e+00
1.278313398361206055e+00
1.272355556488037109e+00
1.159443974494934082e+00
6.262615323066711426e-01
1.176546573638916016e+00
1.433079957962036133e+00
8.308286666870117188e-01
1.357956290245056152e+00
1.863803148269653320e+00
8.328461647033691406e-01
2.155536651611328125e+00
1.268954157829284668e+00
1.139857530593872070e+00
1.244929075241088867e+00
2.565910577774047852e+00
2.058700084686279297e+00
2.373985052108764648e+00
9.496198892593383789e-01
6.466336846351623535e-01
1.811569571495056152e+00
7.286691665649414062e-01
1.333922505378723145e+00
1.249419689178466797e+00
1.405698060989379883e+00
1.441657781600952148e+00
7.734872102737426758e-01
1.543290615081787109e+00
1.067410349845886230e+00
9.836031198501586914e-01
8.529102802276611328e-01
1.534695029258728027e+00
1.070675253868103027e+00
1.995445847511291504e+00
1.632599830627441406e+00
1.595382571220397949e+00
1.867821574211120605e+00
1.710157275199890137e+00
1.071582794189453125e+00
1.407748341560363770e+00
1.110243916511535645e+00
7.519639134407043457e-01
1.075171470642089844e+00
7.646928429603576660e-01
7.893977165222167969e-01
9.409779906272888184e-01
1.636547207832336426e+00
1.504647731781005859e+00
1.094660520553588867e+00
1.032726645469665527e+00
7.387840151786804199e-01
1.693020462989807129e+00
1.503085136413574219e+00
2.066504001617431641e+00
1.137775182723999023e+00
1.530715346336364746e+00
1.178799152374267578e+00
1.166607022285461426e+00
1.141054868698120117e+00
1.246844410896301270e+00
1.135455608367919922e+00
8.634023070335388184e-01
1.361259102821350098e+00
1.082692742347717285e+00
1.093791961669921875e+00
1.352657675743103027e+00
1.230700254440307617e+00
9.273862242698669434e-01
1.239792943000793457e+00
7.769802808761596680e-01
6.007188558578491211e-01
9.170649051666259766e-01
9.785053730010986328e-01
1.282540321350097656e+00
8.986895084381103516e-01
8.588989973068237305e-01
8.419091701507568359e-01
1.477399826049804688e+00
1.641968607902526855e+00
1.377511262893676758e+00
1.491490244865417480e+00
1.122687458992004395e+00
9.089038372039794922e-01
1.007115006446838379e+00
1.030071616172790527e+00
7.246754765510559082e-01
1.396177411079406738e+00
1.171696424484252930e+00
9.499139189720153809e-01
9.504069089889526367e-01
8.373970389366149902e-01
