5.454873442649841309e-01
-1.004463195800781250e+00
1.426097393035888672e+00
-3.208739459514617920e-01
-4.126338362693786621e-01
1.104451775550842285e+00
1.323352217674255371e+00
3.188107013702392578e-01
-8.929482698440551758e-01
6.630742549896240234e-01
1.750989437103271484e+00
5.044752955436706543e-01
-8.265847563743591309e-01
-6.558338403701782227e-01
8.111738562583923340e-01
3.449367880821228027e-01
1.102506041526794434e+00
-1.695247769355773926e+00
-2.224529981613159180e-01
9.238894581794738770e-01
-1.373452786356210709e-02
2.299620628356933594e+00
1.444116353988647461e+00
3.408020734786987305e-01
-5.187515020370483398e-01
-8.932717442512512207e-01
-2.025595307350158691e-01
-4.979905486106872559e-01
1.925728917121887207e-01
1.315826654434204102e+00
-1.733908057212829590e+00
-1.392448544502258301e-01
-1.489973306655883789e+00
-3.680900335311889648e-01
1.692283749580383301e-01
-7.897464036941528320e-01
7.221251726150512695e-01
-2.030640654265880585e-02
-1.581336379051208496e+00
-1.088591456413269043e+00
-1.709862053394317627e-01
5.090404152870178223e-01
-1.383153557777404785e+00
-3.103088140487670898e-01
1.326397061347961426e+00
-9.687807559967041016e-01
-2.408029437065124512e-01
1.294262170791625977e+00
3.502004146575927734e-01
2.122765541076660156e+00
6.345772147178649902e-01
8.438385725021362305e-01
7.318909764289855957e-01
2.503363192081451416e-01
4.179047942161560059e-01
6.386787891387939453e-01
-2.220839500427246094e+00
-2.886639535427093506e-01
1.857817053794860840e+00
1.190162777900695801e+00
3.183571994304656982e-01
-1.120979428291320801e+00
-2.421446800231933594e+00
-1.400104522705078125e+00
-3.569972515106201172e-01
-1.180567026138305664e+00
-7.417530417442321777e-01
2.715455770492553711e+00
3.036833107471466064e-01
-6.592814922332763672e-01
-3.990639448165893555e-01
9.498891234397888184e-02
-7.317931056022644043e-01
1.027574419975280762e+00
4.481437504291534424e-01
5.118724107742309570e-01
1.048796176910400391e+00
8.036078810691833496e-01
4.794793725013732910e-01
1.415102601051330566e+00
-6.165710687637329102e-01
-1.802409648895263672e+00
-8.000671267509460449e-01
4.703183844685554504e-02
1.909395575523376465e+00
-7.392235994338989258e-01
-1.990480065345764160e+00
-1.366352915763854980e+00
1.139079451560974121e+00
-8.839392066001892090e-01
7.840054631233215332e-01
9.430230259895324707e-01
-3.201143443584442139e-01
1.901789188385009766e+00
2.279641032218933105e-01
3.011555075645446777e-01
-5.467057824134826660e-01
-6.561630368232727051e-01
1.251959323883056641e+00
1.568194627761840820e-01
-4.772149622440338135e-01
-9.221117943525314331e-02
8.818434476852416992e-01
-6.319908052682876587e-02
-3.286107257008552551e-02
-1.091578125953674316e+00
-6.754096746444702148e-01
-1.059653639793395996e+00
1.585989117622375488e+00
5.115924477577209473e-01
4.371954873204231262e-02
-3.876523375511169434e-01
9.778348207473754883e-01
1.779667615890502930e+00
1.009799003601074219e+00
1.376068115234375000e+00
4.626235961914062500e-01
-8.205714225769042969e-01
-1.088401198387145996e+00
-1.415596723556518555e+00
1.856603741645812988e+00
-3.880698680877685547e-01
1.634609222412109375e+00
-1.507746577262878418e+00
-5.051171779632568359e-01
8.049530535936355591e-02
-1.006481647491455078e+00
-1.184145212173461914e+00
