7.086943387985229492e-01
9.792456626892089844e-01
1.871024370193481445e-01
8.228035569190979004e-01
8.995459675788879395e-01
9.120396971702575684e-01
1.039410829544067383e+00
8.650626540184020996e-01
8.585230112075805664e-01
1.003625750541687012e+00
8.276333212852478027e-01
9.431225061416625977e-01
8.549051284790039062e-01
8.551586866378784180e-01
1.016825556755065918e+00
8.795884847640991211e-01
9.026987552642822266e-01
6.854467988014221191e-01
9.532358646392822266e-01
8.684037923812866211e-01
9.131947755813598633e-01
1.082277655601501465e+00
6.375558972358703613e-01
9.409705996513366699e-01
1.087482213973999023e+00
1.018289327621459961e+00
9.813348054885864258e-01
9.078862071037292480e-01
1.170579314231872559e+00
9.558534622192382812e-01
9.730262160301208496e-01
5.644901990890502930e-01
3.800365328788757324e-01
9.751343727111816406e-01
1.022907257080078125e+00
1.109206676483154297e+00
9.286550283432006836e-01
8.461905717849731445e-01
1.016857028007507324e+00
8.213046789169311523e-01
8.939104080200195312e-01
9.237383008003234863e-01
7.394868731498718262e-01
7.992067933082580566e-01
8.478018045425415039e-01
8.449551463127136230e-01
9.638858437538146973e-01
6.594403386116027832e-01
8.116108179092407227e-01
8.667846918106079102e-01
8.857262730598449707e-01
9.410102963447570801e-01
1.148429274559020996e+00
7.225830554962158203e-01
1.104955315589904785e+00
8.790554404258728027e-01
8.087264299392700195e-01
9.492437243461608887e-01
7.746971249580383301e-01
1.056701779365539551e+00
1.006929874420166016e+00
8.604747056961059570e-01
8.499147891998291016e-01
1.022927641868591309e+00
9.400002360343933105e-01
1.019635558128356934e+00
1.005023479461669922e+00
9.078637361526489258e-01
1.013307929039001465e+00
9.829709529876708984e-01
1.055486083030700684e+00
8.720660209655761719e-01
1.214897513389587402e+00
4.562418162822723389e-01
9.719326496124267578e-01
8.486667871475219727e-01
1.004965305328369141e+00
1.022825241088867188e+00
1.034505605697631836e+00
6.842224001884460449e-01
8.311675190925598145e-01
8.779093027114868164e-01
9.570896029472351074e-01
1.108198881149291992e+00
7.848224043846130371e-01
9.172387719154357910e-01
1.048996210098266602e+00
8.546671271324157715e-01
9.137569665908813477e-01
1.054185867309570312e+00
9.011402130126953125e-01
9.416506290435791016e-01
8.589505553245544434e-01
1.047334432601928711e+00
1.092379927635192871e+00
9.177873730659484863e-01
8.910940885543823242e-01
1.184648513793945312e+00
8.413784503936767578e-01
9.761610627174377441e-01
8.213649988174438477e-01
7.481617927551269531e-01
1.027461409568786621e+00
8.938018083572387695e-01
7.839938402175903320e-01
1.078629970550537109e+00
8.744734525680541992e-01
9.252296090126037598e-01
9.025287628173828125e-01
9.916193485260009766e-01
9.645619392395019531e-01
8.145710825920104980e-01
1.025593042373657227e+00
8.340108394622802734e-01
9.136955738067626953e-01
1.030895113945007324e+00
1.026140570640563965e+00
8.398719429969787598e-01
9.709569811820983887e-01
6.359686851501464844e-01
7.954509258270263672e-01
1.143792390823364258e+00
9.335736036300659180e-01
9.177039861679077148e-01
1.258496761322021484e+00
8.566038012504577637e-01
9.930360913276672363e-01
8.390399217605590820e-01
