4.993140101432800293e-01
5.355390906333923340e-01
4.397516846656799316e-01
1.031358718872070312e+00
6.177145242691040039e-01
6.537299752235412598e-01
5.357028841972351074e-01
6.918876767158508301e-01
6.293853521347045898e-01
5.253472924232482910e-01
5.997744202613830566e-01
9.120337963104248047e-01
6.906535625457763672e-01
6.899448037147521973e-01
6.989052295684814453e-01
6.734888553619384766e-01
3.937998712062835693e-01
4.172632098197937012e-01
7.367893457412719727e-01
5.374172925949096680e-01
6.417868137359619141e-01
3.956398665904998779e-01
5.096965432167053223e-01
5.765849351882934570e-01
4.963309764862060547e-01
7.195010781288146973e-01
7.043407559394836426e-01
5.138272643089294434e-01
8.264051675796508789e-01
4.333084523677825928e-01
5.263752937316894531e-01
5.475456714630126953e-01
5.998018383979797363e-01
6.819519996643066406e-01
7.438465356826782227e-01
6.292687654495239258e-01
5.985805392265319824e-01
6.289187073707580566e-01
6.536217927932739258e-01
4.755069911479949951e-01
6.171076893806457520e-01
4.744847714900970459e-01
4.848798811435699463e-01
6.142395138740539551e-01
4.447084367275238037e-01
7.106163501739501953e-01
5.704450011253356934e-01
6.020021438598632812e-01
6.905573010444641113e-01
5.043307542800903320e-01
5.590707063674926758e-01
5.889163613319396973e-01
7.220140099525451660e-01
6.208049058914184570e-01
5.804858803749084473e-01
8.570179343223571777e-01
3.941590487957000732e-01
6.735165119171142578e-01
4.758993983268737793e-01
6.459310054779052734e-01
6.725974678993225098e-01
6.821664571762084961e-01
4.378788173198699951e-01
4.984070360660552979e-01
6.935479640960693359e-01
4.841485619544982910e-01
6.868649125099182129e-01
4.850487709045410156e-01
6.316883563995361328e-01
4.343743920326232910e-01
6.068515777587890625e-01
7.238994240760803223e-01
8.629201054573059082e-01
3.593241870403289795e-01
7.884736061096191406e-01
6.136479973793029785e-01
6.678302884101867676e-01
6.157936453819274902e-01
6.618431210517883301e-01
7.864947915077209473e-01
6.048812270164489746e-01
7.323886156082153320e-01
5.681540966033935547e-01
7.186537981033325195e-01
5.726143121719360352e-01
6.430329680442810059e-01
7.465040683746337891e-01
4.139225482940673828e-01
6.576976180076599121e-01
6.407405138015747070e-01
7.266642451286315918e-01
5.741008520126342773e-01
5.803644061088562012e-01
4.531516730785369873e-01
7.834714651107788086e-01
7.121756672859191895e-01
6.488360762596130371e-01
5.533820986747741699e-01
4.667122662067413330e-01
7.371709346771240234e-01
5.762133002281188965e-01
6.152654886245727539e-01
6.462345719337463379e-01
5.468348860740661621e-01
5.642298460006713867e-01
6.398983001708984375e-01
4.856655597686767578e-01
4.964880943298339844e-01
5.133882164955139160e-01
7.856511473655700684e-01
6.468420028686523438e-01
4.342227578163146973e-01
4.784782528877258301e-01
4.394553601741790771e-01
7.763509154319763184e-01
7.095798254013061523e-01
6.790269017219543457e-01
5.519720315933227539e-01
5.421709418296813965e-01
4.593425393104553223e-01
4.455642700195312500e-01
8.061404228210449219e-01
5.749559402465820312e-01
6.241849064826965332e-01
7.657376527786254883e-01
6.968662738800048828e-01
6.134088039398193359e-01
4.038364291191101074e-01
