-7.842090129852294922e-01
8.486839532852172852e-01
-3.944095373153686523e-01
-5.538260340690612793e-01
4.713229238986968994e-01
-2.354761958122253418e-01
4.934384822845458984e-01
5.381102561950683594e-01
-3.869486749172210693e-01
-1.362615942955017090e+00
-8.994406461715698242e-02
1.031475424766540527e+00
-1.449155062437057495e-01
1.624092459678649902e-01
7.987861037254333496e-01
-1.843733191490173340e-01
1.393746733665466309e-01
5.717636346817016602e-01
1.187709927558898926e+00
6.445571780204772949e-01
-8.848854303359985352e-01
-9.129483699798583984e-01
2.698586583137512207e-01
8.542256057262420654e-02
-1.218108534812927246e+00
-4.773218929767608643e-01
-4.849503338336944580e-01
-7.399311661720275879e-01
-2.673772871494293213e-01
3.091138005256652832e-01
-9.570864439010620117e-01
-9.215198755264282227e-01
-8.420142531394958496e-01
4.094355925917625427e-02
-1.051065087318420410e+00
4.873019158840179443e-01
8.788200467824935913e-02
-2.277144342660903931e-01
2.504785731434822083e-02
-5.642169117927551270e-01
6.875144243240356445e-01
-9.403699636459350586e-02
-3.213991522789001465e-01
3.250238299369812012e-01
-8.392652273178100586e-01
3.762095272541046143e-01
1.141261681914329529e-01
4.313337430357933044e-02
-3.574000597000122070e-01
1.115537658333778381e-01
3.870521485805511475e-01
-8.919376134872436523e-01
3.927299976348876953e-01
-4.313160777091979980e-01
7.138280272483825684e-01
5.762546136975288391e-02
8.542418479919433594e-01
9.524762630462646484e-02
1.150890216231346130e-01
8.211371302604675293e-02
-4.248070120811462402e-01
7.210714221000671387e-01
-1.076036039739847183e-02
7.856435328722000122e-02
3.542329668998718262e-01
-6.270943880081176758e-01
2.706780731678009033e-01
3.447455465793609619e-01
-3.416419327259063721e-01
2.185459285974502563e-01
2.828524112701416016e-01
-1.455167192034423351e-03
8.158557415008544922e-01
-2.819854021072387695e+00
1.179369091987609863e-01
-1.427962303161621094e+00
7.254415154457092285e-01
4.122449457645416260e-01
-3.890215158462524414e-01
-3.160931169986724854e-01
-1.203279849141836166e-02
-5.232028365135192871e-01
8.255658149719238281e-01
1.005355477333068848e+00
9.223716855049133301e-01
-7.575922012329101562e-01
-5.838069319725036621e-01
1.024993300437927246e+00
-1.775295287370681763e-01
-5.241706967353820801e-01
2.690211832523345947e-01
-2.739677429199218750e-01
-9.470700025558471680e-01
6.708986163139343262e-01
2.857346534729003906e-01
-4.139591455459594727e-01
1.534399986267089844e-01
6.176137179136276245e-02
5.556816235184669495e-02
1.452266812324523926e+00
-2.033692970871925354e-02
5.263748168945312500e-01
5.510751605033874512e-01
1.256542921066284180e+00
1.450587630271911621e+00
7.652817964553833008e-01
6.128170341253280640e-02
3.975320756435394287e-01
4.481024146080017090e-01
-4.125657379627227783e-01
3.000999093055725098e-01
7.528713345527648926e-01
-2.788603603839874268e-01
-1.902439892292022705e-01
2.012628167867660522e-01
1.027154400944709778e-01
-3.113799691200256348e-01
-2.228995561599731445e-01
-2.027566581964492798e-01
-1.296991705894470215e-01
-3.910395801067352295e-01
-6.421902179718017578e-01
-1.723476499319076538e-01
-1.039993882179260254e+00
-5.880086421966552734e-01
-3.955573588609695435e-02
-3.369790911674499512e-01
2.172266840934753418e-01
