5.300652384757995605e-01
6.746601462364196777e-01
3.837237656116485596e-01
8.967825770378112793e-01
6.362449526786804199e-01
6.286402940750122070e-01
6.369612812995910645e-01
6.592649221420288086e-01
6.954139471054077148e-01
6.794627308845520020e-01
6.023697853088378906e-01
6.891494393348693848e-01
5.912367105484008789e-01
6.619018912315368652e-01
6.687743663787841797e-01
6.375306248664855957e-01
6.136673688888549805e-01
5.901374816894531250e-01
6.149291396141052246e-01
6.231792569160461426e-01
6.211521625518798828e-01
7.210081815719604492e-01
6.154741048812866211e-01
6.738271117210388184e-01
7.556291818618774414e-01
6.880997419357299805e-01
6.962845325469970703e-01
6.477077603340148926e-01
7.581238746643066406e-01
6.235471367835998535e-01
7.149348855018615723e-01
4.539106786251068115e-01
4.855827987194061279e-01
6.277496218681335449e-01
7.230069637298583984e-01
7.080515623092651367e-01
6.835273504257202148e-01
6.158648729324340820e-01
6.700086593627929688e-01
6.295850276947021484e-01
6.680005192756652832e-01
6.675632596015930176e-01
8.236604928970336914e-01
6.137583851814270020e-01
7.272272706031799316e-01
6.315281987190246582e-01
7.296027541160583496e-01
4.964206814765930176e-01
6.906447410583496094e-01
6.472785472869873047e-01
6.064095497131347656e-01
6.520696878433227539e-01
7.147148251533508301e-01
6.461030840873718262e-01
7.040473222732543945e-01
6.709070205688476562e-01
6.530324816703796387e-01
6.344754099845886230e-01
6.211926341056823730e-01
7.070947885513305664e-01
6.933294534683227539e-01
6.112374067306518555e-01
6.338779926300048828e-01
6.667479276657104492e-01
6.711794137954711914e-01
5.938296914100646973e-01
6.277758479118347168e-01
6.423094868659973145e-01
6.582952737808227539e-01
6.279877424240112305e-01
6.578739881515502930e-01
6.202132701873779297e-01
7.550437450408935547e-01
5.510817170143127441e-01
7.007887363433837891e-01
6.399948000907897949e-01
6.480147242546081543e-01
6.457159519195556641e-01
7.616389989852905273e-01
6.063903570175170898e-01
6.486960053443908691e-01
7.360291481018066406e-01
7.153506875038146973e-01
8.240155577659606934e-01
5.796762704849243164e-01
7.251944541931152344e-01
7.297385931015014648e-01
6.228623390197753906e-01
6.561204195022583008e-01
6.809078454971313477e-01
6.505531072616577148e-01
6.426540017127990723e-01
6.409388184547424316e-01
6.633515954017639160e-01
7.079292535781860352e-01
6.215228438377380371e-01
6.338702440261840820e-01
7.546572685241699219e-01
6.463453769683837891e-01
6.609022021293640137e-01
5.957902669906616211e-01
6.491347551345825195e-01
7.163902521133422852e-01
6.821724176406860352e-01
5.332720875740051270e-01
7.166157960891723633e-01
5.910826921463012695e-01
6.525211930274963379e-01
6.177691221237182617e-01
6.985729932785034180e-01
6.736895442008972168e-01
5.925422310829162598e-01
7.047793269157409668e-01
5.825325250625610352e-01
5.934512019157409668e-01
7.246559858322143555e-01
6.994820237159729004e-01
6.302226185798645020e-01
6.620248556137084961e-01
4.646103680133819580e-01
6.326113939285278320e-01
7.500008344650268555e-01
6.532277464866638184e-01
6.099029183387756348e-01
1.011192917823791504e+00
6.916202902793884277e-01
7.097424864768981934e-01
6.438168883323669434e-01
