-5.094614624977111816e-01
3.749729990959167480e-01
7.486227750778198242e-01
-2.120082527399063110e-01
1.886621564626693726e-01
-5.869214981794357300e-02
7.673283815383911133e-01
1.356092095375061035e-01
-1.205989599227905273e+00
-3.198198378086090088e-01
6.800628900527954102e-01
5.029149651527404785e-01
-1.221124902367591858e-01
-7.601013183593750000e-01
4.133697152137756348e-01
-8.162758499383926392e-02
-2.406743733445182443e-04
1.974901109933853149e-01
-4.661759436130523682e-01
-1.894236505031585693e-01
3.872005641460418701e-01
1.773131638765335083e-01
6.812055706977844238e-01
1.694602966308593750e-01
5.215883255004882812e-01
-6.535110473632812500e-01
1.542058140039443970e-01
5.767719745635986328e-01
2.293979376554489136e-01
-3.069856762886047363e-01
-9.119539856910705566e-01
-6.208755373954772949e-01
-7.887402772903442383e-01
-2.108059823513031006e-01
1.539875268936157227e-01
3.470265492796897888e-02
7.923114895820617676e-01
-8.962044119834899902e-02
-1.394419431686401367e+00
-3.103099465370178223e-01
5.286291241645812988e-01
-4.112172871828079224e-02
-4.051189422607421875e-01
8.012813329696655273e-02
5.646871924400329590e-01
-4.885532855987548828e-01
1.316750049591064453e-01
-2.454293668270111084e-01
5.749468207359313965e-01
9.578667879104614258e-01
-6.388288140296936035e-01
9.325774908065795898e-01
7.311105132102966309e-01
1.128119006752967834e-01
4.137655720114707947e-02
-3.160988986492156982e-01
-5.749294161796569824e-01
-3.932070434093475342e-01
4.088313281536102295e-01
2.406959682703018188e-01
6.766868829727172852e-01
-1.160868167877197266e+00
-8.565544486045837402e-01
-4.523600041866302490e-01
-1.831694692373275757e-02
3.242684304714202881e-01
-2.273642271757125854e-01
1.776249885559082031e+00
5.100664496421813965e-01
-4.725664439320098609e-06
-3.315342664718627930e-01
-2.140563130378723145e-01
-7.697725296020507812e-01
5.701485872268676758e-01
6.082239374518394470e-02
-1.071265190839767456e-01
7.375190258026123047e-01
-3.984291553497314453e-01
1.134402513504028320e+00
4.768078327178955078e-01
-9.744000434875488281e-02
-6.813347935676574707e-01
-7.397163659334182739e-02
3.472712635993957520e-01
1.264276146888732910e+00
-9.031608700752258301e-01
-7.769871354103088379e-01
7.470907270908355713e-02
5.799313187599182129e-01
-1.413295269012451172e+00
8.257141113281250000e-01
5.311641693115234375e-01
-5.779403448104858398e-01
1.086655020713806152e+00
4.071175456047058105e-01
1.770627200603485107e-01
6.496455073356628418e-01
-1.174892932176589966e-01
8.058648109436035156e-01
-2.225306779146194458e-01
-1.004099726676940918e+00
1.432316899299621582e-01
5.981333851814270020e-01
-5.439975261688232422e-01
7.374716997146606445e-01
-8.156415820121765137e-01
-1.522221326828002930e+00
9.241856932640075684e-01
4.291291832923889160e-01
-2.694205045700073242e-01
2.809635698795318604e-01
1.007724523544311523e+00
1.697532057762145996e+00
4.876459240913391113e-01
-1.107518076896667480e-01
3.722953498363494873e-01
-5.335108190774917603e-02
-2.462875545024871826e-01
8.814268559217453003e-02
-7.197859883308410645e-01
4.369657635688781738e-01
4.696250557899475098e-01
4.205516278743743896e-01
-7.621790170669555664e-01
-1.073470354080200195e+00
3.176705241203308105e-01
-2.559076845645904541e-01
1.232768177986145020e+00
