-1.413159847259521484e+00
7.578915953636169434e-01
-1.548035025596618652e+00
-6.481864452362060547e-01
8.958964347839355469e-01
-3.385421633720397949e-01
2.106704562902450562e-01
1.126451939344406128e-01
-1.724492907524108887e+00
-5.498128011822700500e-02
-5.128146409988403320e-01
5.922112464904785156e-01
5.483513474464416504e-01
-3.484553694725036621e-01
1.006855487823486328e+00
-2.381568849086761475e-01
-9.245644509792327881e-02
5.526769757270812988e-01
2.963137924671173096e-01
1.129370331764221191e+00
-4.790071547031402588e-01
-1.065343856811523438e+00
2.395627796649932861e-01
1.339551568031311035e+00
4.401462078094482422e-01
-4.774343073368072510e-01
-3.569959700107574463e-01
-1.016249805688858032e-01
4.359575212001800537e-01
1.198529675602912903e-01
-1.146582007408142090e+00
-6.951136589050292969e-01
-1.619961977005004883e+00
1.492133736610412598e-01
-6.442292332649230957e-01
3.391345739364624023e-01
6.841275691986083984e-01
-4.772551655769348145e-01
-2.951949536800384521e-01
-5.851202607154846191e-01
1.514772295951843262e+00
1.129068359732627869e-01
2.256648540496826172e-01
-2.176251560449600220e-01
-1.172501221299171448e-01
1.390925375744700432e-03
2.865382432937622070e-01
6.588497757911682129e-01
1.985367387533187866e-01
3.098511397838592529e-01
-1.609117090702056885e-01
-1.499855816364288330e-01
8.792967200279235840e-01
-4.402969181537628174e-01
5.402685999870300293e-01
-2.508680708706378937e-02
4.897013902664184570e-01
1.996990293264389038e-01
3.954983353614807129e-01
5.978182554244995117e-01
1.760762333869934082e-01
-9.880173206329345703e-02
-6.822787523269653320e-01
-1.598993502557277679e-02
3.108382523059844971e-01
-4.358568415045738220e-02
8.572341799736022949e-01
5.548097491264343262e-01
-5.474083870649337769e-02
6.485008001327514648e-01
3.799154758453369141e-01
-3.577368706464767456e-02
4.117447137832641602e-01
-5.334465026855468750e+00
-4.069985151290893555e-01
-9.028518199920654297e-01
6.687402725219726562e-01
2.094261795282363892e-01
1.558593034744262695e+00
-4.700309783220291138e-02
-1.036102138459682465e-02
-9.791120886802673340e-01
1.608575582504272461e-01
9.566876888275146484e-01
1.829730629920959473e+00
-9.079325199127197266e-01
-7.052618861198425293e-01
1.626784801483154297e+00
1.015554741024971008e-01
-7.997978329658508301e-01
1.326129078865051270e+00
-1.232351176440715790e-02
-6.843973398208618164e-01
2.301882803440093994e-01
7.870121002197265625e-01
6.436423659324645996e-01
3.742755651473999023e-01
-3.738504946231842041e-01
9.663363099098205566e-01
7.048236131668090820e-01
3.110515475273132324e-01
7.082780003547668457e-01
1.981839686632156372e-01
1.865635365247726440e-01
1.287909150123596191e+00
1.286530774086713791e-02
-5.016179084777832031e-01
1.001487016677856445e+00
1.207389593124389648e+00
-6.303671002388000488e-01
-5.592641234397888184e-01
1.226006507873535156e+00
4.043536186218261719e-01
1.588050425052642822e-01
2.178455144166946411e-01
1.898037046194076538e-01
9.786101430654525757e-02
-9.759056568145751953e-01
-2.650423943996429443e-01
6.103506684303283691e-02
-9.329682588577270508e-02
-1.302717030048370361e-01
-7.093341648578643799e-02
-1.628069996833801270e+00
-8.333843946456909180e-01
-1.893612265586853027e+00
-9.457425773143768311e-02
9.284542202949523926e-01
