-1.592261791229248047e+00
1.094530582427978516e+00
7.752329707145690918e-01
-3.013812191784381866e-02
5.213141441345214844e-01
-5.719039440155029297e-01
6.670267581939697266e-01
2.000408321619033813e-01
-2.623594760894775391e+00
5.757050514221191406e-01
-3.074510991573333740e-01
3.263432085514068604e-01
3.748713806271553040e-02
-1.118151307106018066e+00
4.360203742980957031e-01
-1.328614950180053711e-01
5.067305564880371094e-01
5.132543444633483887e-01
-5.971016883850097656e-01
6.702158451080322266e-01
-3.420137465000152588e-01
-1.216221213340759277e+00
-9.348747134208679199e-02
9.209226965904235840e-01
4.252501130104064941e-01
-6.133433580398559570e-01
-6.224899739027023315e-02
3.200791478157043457e-01
1.961178630590438843e-01
-2.915908694267272949e-01
-1.444733858108520508e+00
-1.264313459396362305e-01
-1.335768342018127441e+00
2.773263305425643921e-02
-8.925354480743408203e-01
-8.658850193023681641e-02
1.742491960525512695e+00
-1.010868787765502930e+00
-4.668299257755279541e-01
5.282766744494438171e-02
1.163846373558044434e+00
-4.054997563362121582e-01
-4.862578511238098145e-01
1.147022470831871033e-01
1.161206811666488647e-01
8.666443228721618652e-01
2.431222796440124512e-01
-5.038079023361206055e-01
6.735607385635375977e-01
8.653774857521057129e-01
-1.169343471527099609e+00
8.701971173286437988e-01
6.122688651084899902e-01
-1.575253307819366455e-01
1.086532950401306152e+00
-7.125282883644104004e-01
-3.594861924648284912e-01
-2.015390545129776001e-01
2.496092468500137329e-01
-6.089864373207092285e-01
5.480527877807617188e-01
-1.198371529579162598e+00
-1.082447171211242676e+00
2.186808437108993530e-01
-3.300588428974151611e-01
-1.002474427223205566e-01
7.913739085197448730e-01
1.949023962020874023e+00
7.297912240028381348e-01
9.573432803153991699e-01
6.013786792755126953e-01
4.691389389336109161e-03
-5.223055481910705566e-01
-2.455464750528335571e-01
-5.716717988252639771e-02
-7.343555688858032227e-01
1.344918459653854370e-01
-1.020586967468261719e+00
1.891996622085571289e+00
1.587485373020172119e-01
4.297533631324768066e-01
-9.215000271797180176e-01
-1.195376887917518616e-01
3.258215487003326416e-01
1.842207670211791992e+00
-1.847225308418273926e+00
-5.543344020843505859e-01
7.501537799835205078e-01
3.764091730117797852e-01
-2.166212320327758789e+00
2.999351322650909424e-01
1.463310837745666504e+00
-2.334804981946945190e-01
2.803473174571990967e-02
8.676660656929016113e-01
-2.550159394741058350e-01
5.816995501518249512e-01
-1.629568934440612793e-01
9.647784829139709473e-01
-2.880774624645709991e-02
-8.967670798301696777e-01
4.744562506675720215e-01
5.971942543983459473e-01
-6.004514098167419434e-01
8.851223587989807129e-01
-5.265359207987785339e-02
-1.753631472587585449e+00
1.000249385833740234e+00
1.572459101676940918e+00
-6.248700618743896484e-01
-2.560116946697235107e-01
1.685416460037231445e+00
1.042125582695007324e+00
7.604359388351440430e-01
-2.218674421310424805e-01
9.227454662322998047e-02
5.200133919715881348e-01
-1.112443685531616211e+00
1.090015888214111328e+00
-5.394847989082336426e-01
-3.168001472949981689e-01
-5.746146440505981445e-01
-6.828292608261108398e-01
-8.507537245750427246e-01
-1.761760830879211426e+00
-1.122404098510742188e+00
5.303750038146972656e-01
1.412859678268432617e+00
